22
3
0.5476130000E+03       0.6749111801E-01 0 0 0
0.8206780000E+02       0.3935051050E+00 0 0 0
0.1769170000E+02       0.6656051776E+00 0 0 0
3
0.1754070000E+02      -0.1119370290E+00     0 0 0  
0.3793980000E+01       0.2546540659E+00     0 0 0  
0.9064410000E+00       0.8444172187E+00     0 0 0  
2
0.5018240000E+00      -0.2196604975E+00     0 0 0  
0.6094580000E-01       0.1089122467E+01     0 0 0 
1
0.2443490000E-01       0.1000000000E+01     0 0 0
2
8.41990634116051         1.1452357565146603      0.16883301527286362     0       0
8.41990634116051         -1.1452357565146603     -0.16883301527286362    0       0
2
8.41990634116051         1.1452357565146603      0       0.16883301527286362     0
8.41990634116051         -1.1452357565146603     0       -0.16883301527286362    0
2
8.41990634116051         1.1452357565146603      0       0       0.16883301527286362
8.41990634116051         -1.1452357565146603     0       0       -0.16883301527286362
2
1.8211905032430946       1.1452357565146605      0.36302231223985443     0       0
1.8211905032430946       -1.1452357565146605     -0.36302231223985443    0       0
2
1.8211905032430946       1.1452357565146605      0       0.36302231223985443     0
1.8211905032430946       -1.1452357565146605     0       -0.36302231223985443    0
2
1.8211905032430946       1.1452357565146605      0       0       0.36302231223985443
1.8211905032430946       -1.1452357565146605     0       0       -0.36302231223985443
2
0.4351108179142152       1.1452357565146603      0.7426959687352076      0       0
0.4351108179142152       -1.1452357565146603     -0.7426959687352076     0       0
2
0.4351108179142152       1.1452357565146603      0       0.7426959687352076      0
0.4351108179142152       -1.1452357565146603     0       -0.7426959687352076     0
2
0.4351108179142152       1.1452357565146603      0       0       0.7426959687352076
0.4351108179142152       -1.1452357565146603     0       0       -0.7426959687352076
2
0.24088611513488814      1.1452357565146603      0.9981714027398023      0       0
0.24088611513488814      -1.1452357565146603     -0.9981714027398023     0       0
2
0.24088611513488814      1.1452357565146603      0       0.9981714027398023      0
0.24088611513488814      -1.1452357565146603     0       -0.9981714027398023     0
2
0.24088611513488814      1.1452357565146603      0       0       0.9981714027398023
0.24088611513488814      -1.1452357565146603     0       0       -0.9981714027398023
2
0.029255270763829277     1.1452357565146605      2.8642369706192006      0       0
0.029255270763829277     -1.1452357565146605     -2.8642369706192006     0       0
2
0.029255270763829277     1.1452357565146605      0       2.8642369706192006      0
0.029255270763829277     -1.1452357565146605     0       -2.8642369706192006     0
2
0.029255270763829277     1.1452357565146605      0       0       2.8642369706192006
0.029255270763829277     -1.1452357565146605     0       0       -2.8642369706192006
2
0.01172926790011932      1.1452357565146603      4.5235099947916595      0       0
0.01172926790011932      -1.1452357565146603     -4.5235099947916595     0       0
2
0.01172926790011932      1.1452357565146603      0       4.5235099947916595      0
0.01172926790011932      -1.1452357565146603     0       -4.5235099947916595     0
2
0.01172926790011932      1.1452357565146603      0       0       4.5235099947916595
0.01172926790011932      -1.1452357565146603     0       0       -4.5235099947916595



