22
3
0.6528410000E+03       0.6759814295E-01 0 0 0
0.9838050000E+02       0.3917776694E+00 0 0 0
0.2129960000E+02       0.6666604374E+00 0 0 0
3
0.2337270000E+02      -0.1102459524E+00 0 0 0         
0.5199530000E+01       0.1841189206E+00 0 0 0       
0.1315080000E+01       0.8963986133E+00 0 0 0      
2
0.6113490000E+00      -0.3611025933E+00 0 0 0    
0.1418410000E+00       0.1215055361E+01 0 0 0     
1
0.4640110000E-01       0.1000000000E+01 0 0 0    
2
11.219389473626608       1.1452357565146605      0.14626027810803297     0       0
11.219389473626608       -1.1452357565146605     -0.14626027810803297    0       0
2
11.219389473626608       1.1452357565146605      0       0.14626027810803297     0
11.219389473626608       -1.1452357565146605     0       -0.14626027810803297    0
2
11.219389473626608       1.1452357565146605      0       0       0.14626027810803297
11.219389473626608       -1.1452357565146605     0       0       -0.14626027810803297
2
2.495884178969728        1.1452357565146605      0.3100978770813536      0       0
2.495884178969728        -1.1452357565146605     -0.3100978770813536     0       0
2
2.495884178969728        1.1452357565146605      0       0.3100978770813536      0
2.495884178969728        -1.1452357565146605     0       -0.3100978770813536     0
2
2.495884178969728        1.1452357565146605      0       0       0.3100978770813536
2.495884178969728        -1.1452357565146605     0       0       -0.3100978770813536
2
0.6312661656110283       1.1452357565146603      0.6166017468411038      0       0
0.6312661656110283       -1.1452357565146603     -0.6166017468411038     0       0
2
0.6312661656110283       1.1452357565146603      0       0.6166017468411038      0
0.6312661656110283       -1.1452357565146603     0       -0.6166017468411038     0
2
0.6312661656110283       1.1452357565146603      0       0       0.6166017468411038
0.6312661656110283       -1.1452357565146603     0       0       -0.6166017468411038
2
0.293460427563446        1.1452357565146603      0.9043493570665385      0       0
0.293460427563446        -1.1452357565146603     -0.9043493570665385     0       0
2
0.293460427563446        1.1452357565146603      0       0.9043493570665385      0
0.293460427563446        -1.1452357565146603     0       -0.9043493570665385     0
2
0.293460427563446        1.1452357565146603      0       0       0.9043493570665385
0.293460427563446        -1.1452357565146603     0       0       -0.9043493570665385
2
0.06808667472430108      1.1452357565146603      1.8774999971719613      0       0
0.06808667472430108      -1.1452357565146603     -1.8774999971719613     0       0
2
0.06808667472430108      1.1452357565146603      0       1.8774999971719613      0
0.06808667472430108      -1.1452357565146603     0       -1.8774999971719613     0
2
0.06808667472430108      1.1452357565146603      0       0       1.8774999971719613
0.06808667472430108      -1.1452357565146603     0       0       -1.8774999971719613
2
0.02227350767796171      1.1452357565146605      3.2825904308395573      0       0
0.02227350767796171      -1.1452357565146605     -3.2825904308395573     0       0
2
0.02227350767796171      1.1452357565146605      0       3.2825904308395573      0
0.02227350767796171      -1.1452357565146605     0       -3.2825904308395573     0
2
0.02227350767796171      1.1452357565146605      0       0       3.2825904308395573
0.02227350767796171      -1.1452357565146605     0       0       -3.2825904308395573