22
3
0.7757370000E+03       0.6683469647E-01 0 0 0
0.1169520000E+03       0.3890609795E+00 0 0 0
0.2533260000E+02       0.6694679647E+00 0 0 0
3
0.2947960000E+02      -0.1079020233E+00    0 0 0  
0.6633140000E+01       0.1462450316E+00       0 0 0 
0.1726750000E+01       0.9237301994E+00     0 0 0 
2
0.9461600000E+00      -0.3203269091E+00      0 0 0 
0.2025060000E+00       0.1184119664E+01     0 0 0
1
0.6390880000E-01       0.1000000000E+01     0 0 0 
2
14.15083041012476        1.1452357565146603      0.1302326998621318      0       0
14.15083041012476        -1.1452357565146603     -0.1302326998621318     0       0
2
14.15083041012476        1.1452357565146603      0       0.1302326998621318      0
14.15083041012476        -1.1452357565146603     0       -0.1302326998621318     0
2
14.15083041012476        1.1452357565146603      0       0       0.1302326998621318
14.15083041012476        -1.1452357565146603     0       0       -0.1302326998621318
2
0.828876457302098        1.1452357565146603      0.53810385691087        0       0
0.828876457302098        -1.1452357565146603     -0.53810385691087       0       0
2
0.828876457302098        1.1452357565146603      0       0.53810385691087        0
0.828876457302098        -1.1452357565146603     0       -0.53810385691087       0
2
0.828876457302098        1.1452357565146603      0       0       0.53810385691087
0.828876457302098        -1.1452357565146603     0       0       -0.53810385691087
2
3.184047247134118        1.1452357565146605      0.27454987821811383     0       0
3.184047247134118        -1.1452357565146605     -0.27454987821811383    0       0
2
3.184047247134118        1.1452357565146605      0       0.27454987821811383     0
3.184047247134118        -1.1452357565146605     0       -0.27454987821811383    0
2
3.184047247134118        1.1452357565146605      0       0       0.27454987821811383
3.184047247134118        -1.1452357565146605     0       0       -0.27454987821811383
2
0.4541767765113381       1.1452357565146603      0.7269399643445285      0       0
0.4541767765113381       -1.1452357565146603     -0.7269399643445285     0       0
2
0.4541767765113381       1.1452357565146603      0       0.7269399643445285      0
0.4541767765113381       -1.1452357565146603     0       -0.7269399643445285     0
2
0.4541767765113381       1.1452357565146603      0       0       0.7269399643445285
0.4541767765113381       -1.1452357565146603     0       0       -0.7269399643445285
2
0.09720715555953013      1.1452357565146605      1.5713100548382861      0       0
0.09720715555953013      -1.1452357565146605     -1.5713100548382861     0       0
2
0.09720715555953013      1.1452357565146605      0       1.5713100548382861      0
0.09720715555953013      -1.1452357565146605     0       -1.5713100548382861     0
2
0.09720715555953013      1.1452357565146605      0       0       1.5713100548382861
0.09720715555953013      -1.1452357565146605     0       0       -1.5713100548382861
2
0.030677573322385014     1.1452357565146603      2.797051776748973       0       0
0.030677573322385014     -1.1452357565146603     -2.797051776748973      0       0
2
0.030677573322385014     1.1452357565146603      0       2.797051776748973       0
0.030677573322385014     -1.1452357565146603     0       -2.797051776748973      0
2
0.030677573322385014     1.1452357565146603      0       0       2.797051776748973
0.030677573322385014     -1.1452357565146603     0       0       -2.797051776748973