22
3
0.9106550000E+03       0.6608223959E-01 0 0 0
0.1373360000E+03       0.3862286469E+00 0 0 0
0.2976010000E+02       0.6723793854E+00 0 0 0
3
0.3667160000E+02      -0.1045110359E+00       0 0 0
0.8317290000E+01       0.1074100369E+00       0 0 0
0.2216450000E+01       0.9514463269E+00      0 0 0
2
0.1079130000E+01      -0.3761078795E+00      0 0 0
0.3024220000E+00       0.1251649599E+01      0 0 0
1
0.9333920000E-01       0.1000000000E+01       0 0 0
2
17.603142256609015       1.1452357565146603      0.116765866854013       0       0
17.603142256609015       -1.1452357565146603     -0.116765866854013      0       0
2
17.603142256609015       1.1452357565146603      0       0.116765866854013       0
17.603142256609015       -1.1452357565146603     0       -0.116765866854013      0
2
17.603142256609015       1.1452357565146603      0       0       0.116765866854013
17.603142256609015       -1.1452357565146603     0       0       -0.116765866854013
2
3.992474805011824        1.1452357565146605      0.24518275182579138     0       0
3.992474805011824        -1.1452357565146605     -0.24518275182579138    0       0
2
3.992474805011824        1.1452357565146605      0       0.24518275182579138     0
3.992474805011824        -1.1452357565146605     0       -0.24518275182579138    0
2
3.992474805011824        1.1452357565146605      0       0       0.24518275182579138
3.992474805011824        -1.1452357565146605     0       0       -0.24518275182579138
2
1.0639427964599595       1.1452357565146605      0.47495434811271603     0       0
1.0639427964599595       -1.1452357565146605     -0.47495434811271603    0       0
2
1.0639427964599595       1.1452357565146605      0       0.47495434811271603     0
1.0639427964599595       -1.1452357565146605     0       -0.47495434811271603    0
2
1.0639427964599595       1.1452357565146605      0       0       0.47495434811271603
1.0639427964599595       -1.1452357565146605     0       0       -0.47495434811271603
2
0.5180051839400104       1.1452357565146603      0.6806815108620031      0       0
0.5180051839400104       -1.1452357565146603     -0.6806815108620031     0       0
2
0.5180051839400104       1.1452357565146603      0       0.6806815108620031      0
0.5180051839400104       -1.1452357565146603     0       -0.6806815108620031     0
2
0.5180051839400104       1.1452357565146603      0       0       0.6806815108620031
0.5180051839400104       -1.1452357565146603     0       0       -0.6806815108620031
2
0.14516894511088177      1.1452357565146605      1.2858021471627321      0       0
0.14516894511088177      -1.1452357565146605     -1.2858021471627321     0       0
2
0.14516894511088177      1.1452357565146605      0       1.2858021471627321      0
0.14516894511088177      -1.1452357565146605     0       -1.2858021471627321     0
2
0.14516894511088177      1.1452357565146605      0       0       1.2858021471627321
0.14516894511088177      -1.1452357565146605     0       0       -1.2858021471627321
2
0.04480478669373794      1.1452357565146603      2.3144553139069233      0       0
0.04480478669373794      -1.1452357565146603     -2.3144553139069233     0       0
2
0.04480478669373794      1.1452357565146603      0       2.3144553139069233      0
0.04480478669373794      -1.1452357565146603     0       -2.3144553139069233     0
2
0.04480478669373794      1.1452357565146603      0       0       2.3144553139069233
0.04480478669373794      -1.1452357565146603     0       0       -2.3144553139069233