22
3
0.1054900000E+04       0.6554071355E-01 0 0 0
0.1591950000E+03       0.3840360794E+00 0 0 0
0.3453040000E+02       0.6745411394E+00 0 0 0
3
0.4428660000E+02      -0.1021300535E+00     0 0 0
0.1010190000E+02       0.8159224271E-01     0 0 0
0.2739970000E+01       0.9697885076E+00       0 0 0
2
0.1218650000E+01      -0.3714960219E+00       0 0 0
0.3955460000E+00       0.1270993496E+01       0 0 0
1
0.1228110000E+00       0.1000000000E+01      0 0 0
2
21.25850303399745        1.1452357565146603      0.10625384809339081     0       0
21.25850303399745        -1.1452357565146603     -0.10625384809339081    0       0
2
21.25850303399745        1.1452357565146603      0       0.10625384809339081     0
21.25850303399745        -1.1452357565146603     0       -0.10625384809339081    0
2
21.25850303399745        1.1452357565146603      0       0       0.10625384809339081
21.25850303399745        -1.1452357565146603     0       0       -0.10625384809339081
2
4.8491252839264884       1.1452357565146603      0.22247402119753554     0       0
4.8491252839264884       -1.1452357565146603     -0.22247402119753554    0       0
2
4.8491252839264884       1.1452357565146603      0       0.22247402119753554     0
4.8491252839264884       -1.1452357565146603     0       -0.22247402119753554    0
2
4.8491252839264884       1.1452357565146603      0       0       0.22247402119753554
4.8491252839264884       -1.1452357565146603     0       0       -0.22247402119753554
2
1.3152434496678902       1.1452357565146603      0.42717707076077566     0       0
1.3152434496678902       -1.1452357565146603     -0.42717707076077566    0       0
2
1.3152434496678902       1.1452357565146603      0       0.42717707076077566     0
1.3152434496678902       -1.1452357565146603     0       -0.42717707076077566    0
2
1.3152434496678902       1.1452357565146603      0       0       0.42717707076077566
1.3152434496678902       -1.1452357565146603     0       0       -0.42717707076077566
2
0.5849777296604615       1.1452357565146603      0.6405327514807058      0       0
0.5849777296604615       -1.1452357565146603     -0.6405327514807058     0       0
2
0.5849777296604615       1.1452357565146603      0       0.6405327514807058      0
0.5849777296604615       -1.1452357565146603     0       -0.6405327514807058     0
2
0.5849777296604615       1.1452357565146603      0       0       0.6405327514807058
0.5849777296604615       -1.1452357565146603     0       0       -0.6405327514807058
2
0.1898704312610486       1.1452357565146605      1.1243003315428552      0       0
0.1898704312610486       -1.1452357565146605     -1.1243003315428552     0       0
2
0.1898704312610486       1.1452357565146605      0       1.1243003315428552      0
0.1898704312610486       -1.1452357565146605     0       -1.1243003315428552     0
2
0.1898704312610486       1.1452357565146605      0       0       1.1243003315428552
0.1898704312610486       -1.1452357565146605     0       0       -1.1243003315428552
2
0.05895187293917936      1.1452357565146603      2.0177260610970005      0       0
0.05895187293917936      -1.1452357565146603     -2.0177260610970005     0       0
2
0.05895187293917936      1.1452357565146603      0       2.0177260610970005      0
0.05895187293917936      -1.1452357565146603     0       -2.0177260610970005     0
2
0.05895187293917936      1.1452357565146603      0       0       2.0177260610970005
0.05895187293917936      -1.1452357565146603     0       0       -2.0177260610970005