22
3
0.1210620000E+04       0.6500708187E-01 0 0 0
0.1827470000E+03       0.3820398935E+00 0 0 0
0.3966730000E+02       0.6765448113E+00 0 0 0
3
0.5222360000E+02      -0.1003099399E+00       0 0 0
0.1196290000E+02       0.6508766099E-01      0 0 0
0.3289110000E+01       0.9814544117E+00      0 0 0
2
0.1223840000E+01      -0.2860888537E+00      0 0 0
0.4573030000E+00       0.1228059372E+01      0 0 0
1
0.1422690000E+00       0.1000000000E+01      0 0 0
2
25.068430609851944       1.1452357565146603      0.097846981840677       0       0
25.068430609851944       -1.1452357565146603     -0.097846981840677      0       0
2
25.068430609851944       1.1452357565146603      0       0.097846981840677       0
25.068430609851944       -1.1452357565146603     0       -0.097846981840677      0
2
25.068430609851944       1.1452357565146603      0       0       0.097846981840677
25.068430609851944       -1.1452357565146603     0       0       -0.097846981840677
2
5.742444575682217        1.1452357565146603      0.20443846009969405     0       0
5.742444575682217        -1.1452357565146603     -0.20443846009969405    0       0
2
5.742444575682217        1.1452357565146603      0       0.20443846009969405     0
5.742444575682217        -1.1452357565146603     0       -0.20443846009969405    0
2
5.742444575682217        1.1452357565146603      0       0       0.20443846009969405
5.742444575682217        -1.1452357565146603     0       0       -0.20443846009969405
2
1.5788422437972514       1.1452357565146603      0.38988958859633793     0       0
1.5788422437972514       -1.1452357565146603     -0.38988958859633793    0       0
2
1.5788422437972514       1.1452357565146603      0       0.38988958859633793     0
1.5788422437972514       -1.1452357565146603     0       -0.38988958859633793    0
2
1.5788422437972514       1.1452357565146603      0       0       0.38988958859633793
1.5788422437972514       -1.1452357565146603     0       0       -0.38988958859633793
2
0.5874690392382219       1.1452357565146603      0.639173138735674       0       0
0.5874690392382219       -1.1452357565146603     -0.639173138735674      0       0
2
0.5874690392382219       1.1452357565146603      0       0.639173138735674       0
0.5874690392382219       -1.1452357565146603     0       -0.639173138735674      0
2
0.5874690392382219       1.1452357565146603      0       0       0.639173138735674
0.5874690392382219       -1.1452357565146603     0       0       -0.639173138735674
2
0.21951509515194517      1.1452357565146603      1.0456318707371093      0       0
0.21951509515194517      -1.1452357565146603     -1.0456318707371093     0       0
2
0.21951509515194517      1.1452357565146603      0       1.0456318707371093      0
0.21951509515194517      -1.1452357565146603     0       -1.0456318707371093     0
2
0.21951509515194517      1.1452357565146603      0       0       1.0456318707371093
0.21951509515194517      -1.1452357565146603     0       0       -1.0456318707371093
2
0.0682921237607715       1.1452357565146603      1.8746737480535047      0       0
0.0682921237607715       -1.1452357565146603     -1.8746737480535047     0       0
2
0.0682921237607715       1.1452357565146603      0       1.8746737480535047      0
0.0682921237607715       -1.1452357565146603     0       -1.8746737480535047     0
2
0.0682921237607715       1.1452357565146603      0       0       1.8746737480535047
0.0682921237607715       -1.1452357565146603     0       0       -1.8746737480535047