22
3
0.1376400000E+04       0.6458270228E-01 0 0 0
0.2078570000E+03       0.3803630134E+00 0 0 0
0.4515540000E+02       0.6781900239E+00 0 0 0
3
0.6080140000E+02      -0.9876395275E-01     0 0 0
0.1397650000E+02       0.5113382731E-01      0 0 0
0.3887100000E+01       0.9913375295E+00       0 0 0
2
0.1352990000E+01      -0.2224014841E+00      0 0 0
0.5269550000E+00       0.1182522574E+01      0 0 0
1
0.1667140000E+00       0.1000000000E+01      0 0 0
2
29.185955715076176       1.1452357565146605      0.09068261755764234     0       0
29.185955715076176       -1.1452357565146605     -0.09068261755764234    0       0
2
29.185955715076176       1.1452357565146605      0       0.09068261755764234     0
29.185955715076176       -1.1452357565146605     0       -0.09068261755764234    0
2
29.185955715076176       1.1452357565146605      0       0       0.09068261755764234
29.185955715076176       -1.1452357565146605     0       0       -0.09068261755764234
2
6.709015089319689        1.1452357565146603      0.18913923268313082     0       0
6.709015089319689        -1.1452357565146603     -0.18913923268313082    0       0
2
6.709015089319689        1.1452357565146603      0       0.18913923268313082     0
6.709015089319689        -1.1452357565146603     0       -0.18913923268313082    0
2
6.709015089319689        1.1452357565146603      0       0       0.18913923268313082
6.709015089319689        -1.1452357565146603     0       0       -0.18913923268313082
2
1.8658900693088087       1.1452357565146603      0.3586476425573212      0       0
1.8658900693088087       -1.1452357565146603     -0.3586476425573212     0       0
2
1.8658900693088087       1.1452357565146603      0       0.3586476425573212      0
1.8658900693088087       -1.1452357565146603     0       -0.3586476425573212     0
2
1.8658900693088087       1.1452357565146603      0       0       0.3586476425573212
1.8658900693088087       -1.1452357565146603     0       0       -0.3586476425573212
2
0.6494637660142843       1.1452357565146603      0.607901960338625       0       0
0.6494637660142843       -1.1452357565146603     -0.607901960338625      0       0
2
0.6494637660142843       1.1452357565146603      0       0.607901960338625       0
0.6494637660142843       -1.1452357565146603     0       -0.607901960338625      0
2
0.6494637660142843       1.1452357565146603      0       0       0.607901960338625
0.6494637660142843       -1.1452357565146603     0       0       -0.607901960338625
2
0.2529495257319398       1.1452357565146603      0.9740787574228958      0       0
0.2529495257319398       -1.1452357565146603     -0.9740787574228958     0       0
2
0.2529495257319398       1.1452357565146603      0       0.9740787574228958      0
0.2529495257319398       -1.1452357565146603     0       -0.9740787574228958     0
2
0.2529495257319398       1.1452357565146603      0       0       0.9740787574228958
0.2529495257319398       -1.1452357565146603     0       0       -0.9740787574228958
2
0.08002623987413462      1.1452357565146603      1.7317883006407049      0       0
0.08002623987413462      -1.1452357565146603     -1.7317883006407049     0       0
2
0.08002623987413462      1.1452357565146603      0       1.7317883006407049      0
0.08002623987413462      -1.1452357565146603     0       -1.7317883006407049     0
2
0.08002623987413462      1.1452357565146603      0       0       1.7317883006407049
0.08002623987413462      -1.1452357565146603     0       0       -1.7317883006407049