22
3
0.1553710000E+04       0.6417071258E-01 0 0 0
0.2346780000E+03       0.3787970742E+00 0 0 0
0.5101210000E+02       0.6797521332E+00 0 0 0
3
0.7004530000E+02      -0.9746613989E-01     0 0 0
0.1614730000E+02       0.3905691599E-01       0 0 0
0.4534920000E+01       0.9999164093E+00      0 0 0
2
0.1542090000E+01      -0.1768655685E+00     0 0 0
0.6072670000E+00       0.1146897202E+01      0 0 0
1
0.1953730000E+00       0.1000000000E+01     0 0 0
2
33.623222883835325       1.1452357565146603      0.08448728171700769     0       0
33.623222883835325       -1.1452357565146603     -0.08448728171700769    0       0
2
33.623222883835325       1.1452357565146603      0       0.08448728171700769     0
33.623222883835325       -1.1452357565146603     0       -0.08448728171700769    0
2
33.623222883835325       1.1452357565146603      0       0       0.08448728171700769
33.623222883835325       -1.1452357565146603     0       0       -0.08448728171700769
2
7.751044921959848        1.1452357565146605      0.1759668582828502      0       0
7.751044921959848        -1.1452357565146605     -0.1759668582828502     0       0
2
7.751044921959848        1.1452357565146605      0       0.1759668582828502      0
7.751044921959848        -1.1452357565146605     0       -0.1759668582828502     0
2
7.751044921959848        1.1452357565146605      0       0       0.1759668582828502
7.751044921959848        -1.1452357565146605     0       0       -0.1759668582828502
2
2.176857346893546        1.1452357565146603      0.3320442945017328      0       0
2.176857346893546        -1.1452357565146603     -0.3320442945017328     0       0
2
2.176857346893546        1.1452357565146603      0       0.3320442945017328      0
2.176857346893546        -1.1452357565146603     0       -0.3320442945017328     0
2
2.176857346893546        1.1452357565146603      0       0       0.3320442945017328
2.176857346893546        -1.1452357565146603     0       0       -0.3320442945017328
2
0.7402357585296032       1.1452357565146603      0.5694111627226306      0       0
0.7402357585296032       -1.1452357565146603     -0.5694111627226306     0       0
2
0.7402357585296032       1.1452357565146603      0       0.5694111627226306      0
0.7402357585296032       -1.1452357565146603     0       -0.5694111627226306     0
2
0.7402357585296032       1.1452357565146603      0       0       0.5694111627226306
0.7402357585296032       -1.1452357565146603     0       0       -0.5694111627226306
2
0.291500981379165        1.1452357565146603      0.9073837482452559      0       0
0.291500981379165        -1.1452357565146603     -0.9073837482452559     0       0
2
0.291500981379165        1.1452357565146603      0       0.9073837482452559      0
0.291500981379165        -1.1452357565146603     0       -0.9073837482452559     0
2
0.291500981379165        1.1452357565146603      0       0       0.9073837482452559
0.291500981379165        -1.1452357565146603     0       0       -0.9073837482452559
2
0.09378316495872754      1.1452357565146603      1.5997369078582606      0       0
0.09378316495872754      -1.1452357565146603     -1.5997369078582606     0       0
2
0.09378316495872754      1.1452357565146603      0       1.5997369078582606      0
0.09378316495872754      -1.1452357565146603     0       -1.5997369078582606     0
2
0.09378316495872754      1.1452357565146603      0       0       1.5997369078582606
0.09378316495872754      -1.1452357565146603     0       0       -1.5997369078582606