
32
3
0.1721175500E+04       0.6487469617E-01 0 0 0
0.2600163300E+03       0.3808592775E+00 0 0 0
0.5662455400E+02       0.6773680600E+00 0 0 0
3
0.7155720000E+02      -0.1093428919E+00  0 0 0
0.1543894240E+02       0.1130640319E+00   0 0 0
0.4474551050E+01       0.9462575025E+00      0 0 0
3
0.4121275290E+01      -0.2699729532E+00    0 0 0
0.1188620640E+01       0.3646322562E+00     0 0 0
0.3756738350E+00       0.8107532645E+00     0 0 0
2
0.2445765580E+00      -0.2688250168E+00       0 0 0
0.3897174940E-01       0.1128982555E+01      0 0 0
1
0.1606254630E-01       0.1000000000E+01      0 0 0
2
34.34896680495595        1.1452357565146603      0.08358996973740514     0       0
34.34896680495595        -1.1452357565146603     -0.08358996973740514    0       0
2
34.34896680495595        1.1452357565146603      0       0.08358996973740514     0
34.34896680495595        -1.1452357565146603     0       -0.08358996973740514    0
2
34.34896680495595        1.1452357565146603      0       0       0.08358996973740514
34.34896680495595        -1.1452357565146603     0       0       -0.08358996973740514
2
7.41101831822971         1.1452357565146603      0.1799583753674326      0       0
7.41101831822971         -1.1452357565146603     -0.1799583753674326     0       0
2
7.41101831822971         1.1452357565146603      0       0.1799583753674326      0
7.41101831822971         -1.1452357565146603     0       -0.1799583753674326     0
2
7.41101831822971         1.1452357565146603      0       0       0.1799583753674326
7.41101831822971         -1.1452357565146603     0       0       -0.1799583753674326
2
2.147878976308894        1.1452357565146603      0.3342766980456415      0       0
2.147878976308894        -1.1452357565146603     -0.3342766980456415     0       0
2
2.147878976308894        1.1452357565146603      0       0.3342766980456415      0
2.147878976308894        -1.1452357565146603     0       -0.3342766980456415     0
2
2.147878976308894        1.1452357565146603      0       0       0.3342766980456415
2.147878976308894        -1.1452357565146603     0       0       -0.3342766980456415
2
1.9782991527099327       1.1452357565146603      0.34830926326682876     0       0
1.9782991527099327       -1.1452357565146603     -0.34830926326682876    0       0
2
1.9782991527099327       1.1452357565146603      0       0.34830926326682876     0
1.9782991527099327       -1.1452357565146603     0       -0.34830926326682876    0
2
1.9782991527099327       1.1452357565146603      0       0       0.34830926326682876
1.9782991527099327       -1.1452357565146603     0       0       -0.34830926326682876
2
0.570563002843117        1.1452357565146603      0.6485735054604667      0       0
0.570563002843117        -1.1452357565146603     -0.6485735054604667     0       0
2
0.570563002843117        1.1452357565146603      0       0.6485735054604667      0
0.570563002843117        -1.1452357565146603     0       -0.6485735054604667     0
2
0.570563002843117        1.1452357565146603      0       0       0.6485735054604667
0.570563002843117        -1.1452357565146603     0       0       -0.6485735054604667
2
0.18033137249508785      1.1452357565146603      1.1536534338662054      0       0
0.18033137249508785      -1.1452357565146603     -1.1536534338662054     0       0
2
0.18033137249508785      1.1452357565146603      0       1.1536534338662054      0
0.18033137249508785      -1.1452357565146603     0       -1.1536534338662054     0
2
0.18033137249508785      1.1452357565146603      0       0       1.1536534338662054
0.18033137249508785      -1.1452357565146603     0       0       -1.1536534338662054
2
0.11740191164568183      1.1452357565146603      1.42979384399487        0       0
0.11740191164568183      -1.1452357565146603     -1.42979384399487       0       0
2
0.11740191164568183      1.1452357565146603      0       1.42979384399487        0
0.11740191164568183      -1.1452357565146603     0       -1.42979384399487       0
2
0.11740191164568183      1.1452357565146603      0       0       1.42979384399487
0.11740191164568183      -1.1452357565146603     0       0       -1.42979384399487
2
0.01870726253223522      1.1452357565146603      3.581837562985675       0       0
0.01870726253223522      -1.1452357565146603     -3.581837562985675      0       0
2
0.01870726253223522      1.1452357565146603      0       3.581837562985675       0
0.01870726253223522      -1.1452357565146603     0       -3.581837562985675      0
2
0.01870726253223522      1.1452357565146603      0       0       3.581837562985675
0.01870726253223522      -1.1452357565146603     0       0       -3.581837562985675
2
0.007710361356533906     1.1452357565146605      5.579221979910378       0       0
0.007710361356533906     -1.1452357565146605     -5.579221979910378      0       0
2
0.007710361356533906     1.1452357565146605      0       5.579221979910378       0
0.007710361356533906     -1.1452357565146605     0       -5.579221979910378      0
2
0.007710361356533906     1.1452357565146605      0       0       5.579221979910378
0.007710361356533906     -1.1452357565146605     0       0       -5.579221979910378