32
3
0.1915434800E+04       0.6462369791E-01 0 0 0
0.2895332400E+03       0.3798375877E+00 0 0 0
0.6310635200E+02       0.6783293781E+00 0 0 0
3
0.8039744200E+02      -0.1093027800E+00   0 0 0
0.1733075030E+02       0.1088995760E+00     0 0 0
0.5083623800E+01       0.9492767537E+00     0 0 0
3
0.4782229420E+01      -0.2816073771E+00     0 0 0
0.1462557920E+01       0.3410510241E+00      0 0 0
0.4792229560E+00       0.8381044043E+00       0 0 0
2
0.4396824240E+00      -0.2697048570E+00     0 0 0
0.5913040160E-01       0.1113292710E+01      0 0 0
1
0.2389701170E-01       0.1000000000E+01     0 0 0
2
38.59246961118338        1.1452357565146603      0.0788605354834188      0       0
38.59246961118338        -1.1452357565146603     -0.0788605354834188     0       0
2
38.59246961118338        1.1452357565146603      0       0.0788605354834188      0
38.59246961118338        -1.1452357565146603     0       -0.0788605354834188     0
2
38.59246961118338        1.1452357565146603      0       0       0.0788605354834188
38.59246961118338        -1.1452357565146603     0       0       -0.0788605354834188
2
8.319126052440291        1.1452357565146605      0.16985258261881958     0       0
8.319126052440291        -1.1452357565146605     -0.16985258261881958    0       0
2
8.319126052440291        1.1452357565146605      0       0.16985258261881958     0
8.319126052440291        -1.1452357565146605     0       -0.16985258261881958    0
2
8.319126052440291        1.1452357565146605      0       0       0.16985258261881958
8.319126052440291        -1.1452357565146605     0       0       -0.16985258261881958
2
2.4402467558133076       1.1452357565146603      0.31361305646392124     0       0
2.4402467558133076       -1.1452357565146603     -0.31361305646392124    0       0
2
2.4402467558133076       1.1452357565146603      0       0.31361305646392124     0
2.4402467558133076       -1.1452357565146603     0       -0.31361305646392124    0
2
2.4402467558133076       1.1452357565146603      0       0       0.31361305646392124
2.4402467558133076       -1.1452357565146603     0       0       -0.31361305646392124
2
2.295571089998823        1.1452357565146603      0.3233446159128508      0       0
2.295571089998823        -1.1452357565146603     -0.3233446159128508     0       0
2
2.295571089998823        1.1452357565146603      0       0.3233446159128508      0
2.295571089998823        -1.1452357565146603     0       -0.3233446159128508     0
2
2.295571089998823        1.1452357565146603      0       0       0.3233446159128508
2.295571089998823        -1.1452357565146603     0       0       -0.3233446159128508
2
0.7020586809490229       1.1452357565146603      0.5846881611430992      0       0
0.7020586809490229       -1.1452357565146603     -0.5846881611430992     0       0
2
0.7020586809490229       1.1452357565146603      0       0.5846881611430992      0
0.7020586809490229       -1.1452357565146603     0       -0.5846881611430992     0
2
0.7020586809490229       1.1452357565146603      0       0       0.5846881611430992
0.7020586809490229       -1.1452357565146603     0       0       -0.5846881611430992
2
0.2300371368334265       1.1452357565146603      1.0214380464695827      0       0
0.2300371368334265       -1.1452357565146603     -1.0214380464695827     0       0
2
0.2300371368334265       1.1452357565146603      0       1.0214380464695827      0
0.2300371368334265       -1.1452357565146603     0       -1.0214380464695827     0
2
0.2300371368334265       1.1452357565146603      0       0       1.0214380464695827
0.2300371368334265       -1.1452357565146603     0       0       -1.0214380464695827
2
0.21105684664434282      1.1452357565146605      1.0663782647470583      0       0
0.21105684664434282      -1.1452357565146605     -1.0663782647470583     0       0
2
0.21105684664434282      1.1452357565146605      0       1.0663782647470583      0
0.21105684664434282      -1.1452357565146605     0       -1.0663782647470583     0
2
0.21105684664434282      1.1452357565146605      0       0       1.0663782647470583
0.21105684664434282      -1.1452357565146605     0       0       -1.0663782647470583
2
0.02838384120287147      1.1452357565146603      2.9078729192094195      0       0
0.02838384120287147      -1.1452357565146603     -2.9078729192094195     0       0
2
0.02838384120287147      1.1452357565146603      0       2.9078729192094195      0
0.02838384120287147      -1.1452357565146603     0       -2.9078729192094195     0
2
0.02838384120287147      1.1452357565146603      0       0       2.9078729192094195
0.02838384120287147      -1.1452357565146603     0       0       -2.9078729192094195
2
0.0114710701595499       1.1452357565146603      4.574135642585565       0       0
0.0114710701595499       -1.1452357565146603     -4.574135642585565      0       0
2
0.0114710701595499       1.1452357565146603      0       4.574135642585565       0
0.0114710701595499       -1.1452357565146603     0       -4.574135642585565      0
2
0.0114710701595499       1.1452357565146603      0       0       4.574135642585565
0.0114710701595499       -1.1452357565146603     0       0       -4.574135642585565