41
3
0.2335019800E+04       0.6421660118E-01 0 0 0
0.3530441500E+03       0.3784120069E+00 0 0 0
0.7705845200E+02       0.6796813125E+00 0 0 0
3
0.9957387050E+02      -0.1094719070E+00    0 0 0
0.2154670630E+02       0.1019426710E+00      0 0 0
0.6413965470E+01       0.9546223767E+00      0 0 0
3
0.6238279440E+01      -0.2861371630E+00     0 0 0
0.1996107510E+01       0.3218277600E+00     0 0 0
0.6464898720E+00       0.8595510999E+00      0 0 0
2
0.5732848810E+00      -0.2424499988E+00      0 0 0
0.7311942300E-01       0.1100074629E+01     0 0 0
1
0.2653793780E-01       0.1000000000E+01      0 0 0
2
47.797560167886424       1.1452357565146603      0.07086114129987302     0       0
47.797560167886424       -1.1452357565146603     -0.07086114129987302    0       0
2
47.797560167886424       1.1452357565146603      0       0.07086114129987302     0
47.797560167886424       -1.1452357565146603     0       -0.07086114129987302    0
2
47.797560167886424       1.1452357565146603      0       0       0.07086114129987302
47.797560167886424       -1.1452357565146603     0       0       -0.07086114129987302
2
10.342873944967597       1.1452357565146603      0.15233173595966315     0       0
10.342873944967597       -1.1452357565146603     -0.15233173595966315    0       0
2
10.342873944967597       1.1452357565146603      0       0.15233173595966315     0
10.342873944967597       -1.1452357565146603     0       -0.15233173595966315    0
2
10.342873944967597       1.1452357565146603      0       0       0.15233173595966315
10.342873944967597       -1.1452357565146603     0       0       -0.15233173595966315
2
3.0788388452477697       1.1452357565146605      0.2792013593895097      0       0
3.0788388452477697       -1.1452357565146605     -0.2792013593895097     0       0
2
3.0788388452477697       1.1452357565146605      0       0.2792013593895097      0
3.0788388452477697       -1.1452357565146605     0       -0.2792013593895097     0
2
3.0788388452477697       1.1452357565146605      0       0       0.2792013593895097
3.0788388452477697       -1.1452357565146605     0       0       -0.2792013593895097
2
2.994505841544935        1.1452357565146603      0.28310557703905365     0       0
2.994505841544935        -1.1452357565146603     -0.28310557703905365    0       0
2
2.994505841544935        1.1452357565146603      0       0.28310557703905365     0
2.994505841544935        -1.1452357565146603     0       -0.28310557703905365    0
2
2.994505841544935        1.1452357565146603      0       0       0.28310557703905365
2.994505841544935        -1.1452357565146603     0       0       -0.28310557703905365
2
0.9581737491141812       1.1452357565146603      0.5004824729334499      0       0
0.9581737491141812       -1.1452357565146603     -0.5004824729334499     0       0
2
0.9581737491141812       1.1452357565146603      0       0.5004824729334499      0
0.9581737491141812       -1.1452357565146603     0       -0.5004824729334499     0
2
0.9581737491141812       1.1452357565146603      0       0       0.5004824729334499
0.9581737491141812       -1.1452357565146603     0       0       -0.5004824729334499
2
0.3103287880614141       1.1452357565146603      0.8794273631823486      0       0
0.3103287880614141       -1.1452357565146603     -0.8794273631823486     0       0
2
0.3103287880614141       1.1452357565146603      0       0.8794273631823486      0
0.3103287880614141       -1.1452357565146603     0       -0.8794273631823486     0
2
0.3103287880614141       1.1452357565146603      0       0       0.8794273631823486
0.3103287880614141       -1.1452357565146603     0       0       -0.8794273631823486
2
0.27518884678623706      1.1452357565146603      0.9338897160836861      0       0
0.27518884678623706      -1.1452357565146603     -0.9338897160836861     0       0
2
0.27518884678623706      1.1452357565146603      0       0.9338897160836861      0
0.27518884678623706      -1.1452357565146603     0       -0.9338897160836861     0
2
0.27518884678623706      1.1452357565146603      0       0       0.9338897160836861
0.27518884678623706      -1.1452357565146603     0       0       -0.9338897160836861
2
0.03509886682855859      1.1452357565146605      2.614956443912801       0       0
0.03509886682855859      -1.1452357565146605     -2.614956443912801      0       0
2
0.03509886682855859      1.1452357565146605      0       2.614956443912801       0
0.03509886682855859      -1.1452357565146605     0       -2.614956443912801      0
2
0.03509886682855859      1.1452357565146605      0       0       2.614956443912801
0.03509886682855859      -1.1452357565146605     0       0       -2.614956443912801
2
0.012738770446079302     1.1452357565146605      4.34057486610222        0       0
0.012738770446079302     -1.1452357565146605     -4.34057486610222       0       0
2
0.012738770446079302     1.1452357565146605      0       4.34057486610222        0
0.012738770446079302     -1.1452357565146605     0       -4.34057486610222       0
2
0.012738770446079302     1.1452357565146605      0       0       4.34057486610222
0.012738770446079302     -1.1452357565146605     0       0       -4.34057486610222
4
9.562949235000001        0.9681266831113873      0.1949144093256504      0.1949144093256504      0
9.562949235000001        -0.9681266831113873     -0.1949144093256504     0.1949144093256504      0
9.562949235000001        -0.9681266831113873     0.1949144093256504      -0.1949144093256504     0
9.562949235000001        0.9681266831113873      -0.1949144093256504     -0.1949144093256504     0
4
9.562949235000001        0.9681266831113873      0       0.1949144093256504      0.1949144093256504
9.562949235000001        -0.9681266831113873     0       0.1949144093256504      -0.1949144093256504
9.562949235000001        -0.9681266831113873     0       -0.1949144093256504     0.1949144093256504
9.562949235000001        0.9681266831113873      0       -0.1949144093256504     -0.1949144093256504
4
9.562949235000001        0.9681266831113873      0.1949144093256504      0       0.1949144093256504
9.562949235000001        -0.9681266831113873     -0.1949144093256504     0       0.1949144093256504
9.562949235000001        -0.9681266831113873     0.1949144093256504      0       -0.1949144093256504
9.562949235000001        0.9681266831113873      -0.1949144093256504     0       -0.1949144093256504
4
2.308006035      0.968126683111387       0.3967540797900304      0.3967540797900304      0
2.308006035      -0.968126683111387      -0.3967540797900304     0.3967540797900304      0
2.308006035      -0.968126683111387      0.3967540797900304      -0.3967540797900304     0
2.308006035      0.968126683111387       -0.3967540797900304     -0.3967540797900304     0
4
2.308006035      0.968126683111387       0       0.3967540797900304      0.3967540797900304
2.308006035      -0.968126683111387      0       0.3967540797900304      -0.3967540797900304
2.308006035      -0.968126683111387      0       -0.3967540797900304     0.3967540797900304
2.308006035      0.968126683111387       0       -0.3967540797900304     -0.3967540797900304
4
2.308006035      0.968126683111387       0.3967540797900304      0       0.3967540797900304
2.308006035      -0.968126683111387      -0.3967540797900304     0       0.3967540797900304
2.308006035      -0.968126683111387      0.3967540797900304      0       -0.3967540797900304
2.308006035      0.968126683111387       -0.3967540797900304     0       -0.3967540797900304
4
0.559065348      0.9681266831113875      0.8061364972807752      0.8061364972807752      0
0.559065348      -0.9681266831113875     -0.8061364972807752     0.8061364972807752      0
0.559065348      -0.9681266831113875     0.8061364972807752      -0.8061364972807752     0
0.559065348      0.9681266831113875      -0.8061364972807752     -0.8061364972807752     0
4
0.559065348      0.9681266831113875      0       0.8061364972807752      0.8061364972807752
0.559065348      -0.9681266831113875     0       0.8061364972807752      -0.8061364972807752
0.559065348      -0.9681266831113875     0       -0.8061364972807752     0.8061364972807752
0.559065348      0.9681266831113875      0       -0.8061364972807752     -0.8061364972807752
4
0.559065348      0.9681266831113875      0.8061364972807752      0       0.8061364972807752
0.559065348      -0.9681266831113875     -0.8061364972807752     0       0.8061364972807752
0.559065348      -0.9681266831113875     0.8061364972807752      0       -0.8061364972807752
0.559065348      0.9681266831113875      -0.8061364972807752     0       -0.8061364972807752