41
3
0.3299183700E+04       0.6358589971E-01 0 0 0
0.4990885600E+03       0.3762015983E+00 0 0 0
0.1091613700E+03       0.6817844969E+00 0 0 0
3
0.1434651730E+03      -0.1105517190E+00  0 0 0
0.3116857540E+02       0.9684680919E-01   0 0 0
0.9483612400E+01       0.9587974389E+00    0 0 0
3
0.9464564900E+01      -0.2920555188E+00   0 0 0
0.3100373440E+01       0.3375235918E+00   0 0 0
0.9864930090E+00       0.8519416294E+00    0 0 0
2
0.8534123410E+00      -0.2279441130E+00     0 0 0
0.9881221800E-01       0.1088287380E+01   0 0 0
1
0.3644213760E-01       0.1000000000E+01   0 0 0
2
68.86631205586947        1.1452357565146603      0.059034731734421635    0       0
68.86631205586947        -1.1452357565146603     -0.059034731734421635   0       0
2
68.86631205586947        1.1452357565146603      0       0.059034731734421635    0
68.86631205586947        -1.1452357565146603     0       -0.059034731734421635   0
2
68.86631205586947        1.1452357565146603      0       0       0.059034731734421635
68.86631205586947        -1.1452357565146603     0       0       -0.059034731734421635
2
14.961574261882337       1.1452357565146605      0.1266550063070357      0       0
14.961574261882337       -1.1452357565146605     -0.1266550063070357     0       0
2
14.961574261882337       1.1452357565146605      0       0.1266550063070357      0
14.961574261882337       -1.1452357565146605     0       -0.1266550063070357     0
2
14.961574261882337       1.1452357565146605      0       0       0.1266550063070357
14.961574261882337       -1.1452357565146605     0       0       -0.1266550063070357
2
4.552334181866655        1.1452357565146605      0.2296116605083547      0       0
4.552334181866655        -1.1452357565146605     -0.2296116605083547     0       0
2
4.552334181866655        1.1452357565146605      0       0.2296116605083547      0
4.552334181866655        -1.1452357565146605     0       -0.2296116605083547     0
2
4.552334181866655        1.1452357565146605      0       0       0.2296116605083547
4.552334181866655        -1.1452357565146605     0       0       -0.2296116605083547
2
4.543190979712052        1.1452357565146603      0.22984259187828643     0       0
4.543190979712052        -1.1452357565146603     -0.22984259187828643    0       0
2
4.543190979712052        1.1452357565146603      0       0.22984259187828643     0
4.543190979712052        -1.1452357565146603     0       -0.22984259187828643    0
2
4.543190979712052        1.1452357565146603      0       0       0.22984259187828643
4.543190979712052        -1.1452357565146603     0       0       -0.22984259187828643
2
1.4882447101553316       1.1452357565146603      0.40158162555640514     0       0
1.4882447101553316       -1.1452357565146603     -0.40158162555640514    0       0
2
1.4882447101553316       1.1452357565146603      0       0.40158162555640514     0
1.4882447101553316       -1.1452357565146603     0       -0.40158162555640514    0
2
1.4882447101553316       1.1452357565146603      0       0       0.40158162555640514
1.4882447101553316       -1.1452357565146603     0       0       -0.40158162555640514
2
0.47353747239218574      1.1452357565146603      0.7119243236235322      0       0
0.47353747239218574      -1.1452357565146603     -0.7119243236235322     0       0
2
0.47353747239218574      1.1452357565146603      0       0.7119243236235322      0
0.47353747239218574      -1.1452357565146603     0       -0.7119243236235322     0
2
0.47353747239218574      1.1452357565146603      0       0       0.7119243236235322
0.47353747239218574      -1.1452357565146603     0       0       -0.7119243236235322
2
0.4096559419869524       1.1452357565146603      0.765422770449236       0       0
0.4096559419869524       -1.1452357565146603     -0.765422770449236      0       0
2
0.4096559419869524       1.1452357565146603      0       0.765422770449236       0
0.4096559419869524       -1.1452357565146603     0       -0.765422770449236      0
2
0.4096559419869524       1.1452357565146603      0       0       0.765422770449236
0.4096559419869524       -1.1452357565146603     0       0       -0.765422770449236
2
0.04743195088692781      1.1452357565146603      2.2494456961107767      0       0
0.04743195088692781      -1.1452357565146603     -2.2494456961107767     0       0
2
0.04743195088692781      1.1452357565146603      0       2.2494456961107767      0
0.04743195088692781      -1.1452357565146603     0       -2.2494456961107767     0
2
0.04743195088692781      1.1452357565146603      0       0       2.2494456961107767
0.04743195088692781      -1.1452357565146603     0       0       -2.2494456961107767
2
0.01749299545991231      1.1452357565146603      3.704067697120613       0       0
0.01749299545991231      -1.1452357565146603     -3.704067697120613      0       0
2
0.01749299545991231      1.1452357565146603      0       3.704067697120613       0
0.01749299545991231      -1.1452357565146603     0       -3.704067697120613      0
2
0.01749299545991231      1.1452357565146603      0       0       3.704067697120613
0.01749299545991231      -1.1452357565146603     0       0       -3.704067697120613
4
16.678560554999997       0.9681266831113875      0.1475912422912763      0.1475912422912763      0
16.678560554999997       -0.9681266831113875     -0.1475912422912763     0.1475912422912763      0
16.678560554999997       -0.9681266831113875     0.1475912422912763      -0.1475912422912763     0
16.678560554999997       0.9681266831113875      -0.1475912422912763     -0.1475912422912763     0
4
16.678560554999997       0.9681266831113875      0       0.1475912422912763      0.1475912422912763
16.678560554999997       -0.9681266831113875     0       0.1475912422912763      -0.1475912422912763
16.678560554999997       -0.9681266831113875     0       -0.1475912422912763     0.1475912422912763
16.678560554999997       0.9681266831113875      0       -0.1475912422912763     -0.1475912422912763
4
16.678560554999997       0.9681266831113875      0.1475912422912763      0       0.1475912422912763
16.678560554999997       -0.9681266831113875     -0.1475912422912763     0       0.1475912422912763
16.678560554999997       -0.9681266831113875     0.1475912422912763      0       -0.1475912422912763
16.678560554999997       0.9681266831113875      -0.1475912422912763     0       -0.1475912422912763
4
4.125067155      0.968126683111387       0.2967729814447727      0.2967729814447727      0
4.125067155      -0.968126683111387      -0.2967729814447727     0.2967729814447727      0
4.125067155      -0.968126683111387      0.2967729814447727      -0.2967729814447727     0
4.125067155      0.968126683111387       -0.2967729814447727     -0.2967729814447727     0
4
4.125067155      0.968126683111387       0       0.2967729814447727      0.2967729814447727
4.125067155      -0.968126683111387      0       0.2967729814447727      -0.2967729814447727
4.125067155      -0.968126683111387      0       -0.2967729814447727     0.2967729814447727
4.125067155      0.968126683111387       0       -0.2967729814447727     -0.2967729814447727
4
4.125067155      0.968126683111387       0.2967729814447727      0       0.2967729814447727
4.125067155      -0.968126683111387      -0.2967729814447727     0       0.2967729814447727
4.125067155      -0.968126683111387      0.2967729814447727      0       -0.2967729814447727
4.125067155      0.968126683111387       -0.2967729814447727     0       -0.2967729814447727
4
0.9970977015     0.9681266831113873      0.6036302751516425      0.6036302751516425      0
0.9970977015     -0.9681266831113873     -0.6036302751516425     0.6036302751516425      0
0.9970977015     -0.9681266831113873     0.6036302751516425      -0.6036302751516425     0
0.9970977015     0.9681266831113873      -0.6036302751516425     -0.6036302751516425     0
4
0.9970977015     0.9681266831113873      0       0.6036302751516425      0.6036302751516425
0.9970977015     -0.9681266831113873     0       0.6036302751516425      -0.6036302751516425
0.9970977015     -0.9681266831113873     0       -0.6036302751516425     0.6036302751516425
0.9970977015     0.9681266831113873      0       -0.6036302751516425     -0.6036302751516425
4
0.9970977015     0.9681266831113873      0.6036302751516425      0       0.6036302751516425
0.9970977015     -0.9681266831113873     -0.6036302751516425     0       0.6036302751516425
0.9970977015     -0.9681266831113873     0.6036302751516425      0       -0.6036302751516425
0.9970977015     0.9681266831113873      -0.6036302751516425     0       -0.6036302751516425