37
6
0.9993200000E+04       0.1937659277E-02 0 0 0
0.1499890000E+04       0.1480699448E-01 0 0 0
0.3419510000E+03       0.7270547288E-01 0 0 0
0.9467960000E+02       0.2526289058E+00 0 0 0
0.2973450000E+02       0.4932418160E+00 0 0 0
0.1000630000E+02       0.3131688832E+00 0 0 0
6
0.1509630000E+03      -0.3542083504E-02    0 0 0
0.3558780000E+02      -0.4395884348E-01      0 0 0
0.1116830000E+02      -0.1097521086E+00      0 0 0
0.3902010000E+01       0.1873981854E+00     0 0 0
0.1381770000E+01       0.6466996397E+00     0 0 0
0.4663820000E+00       0.3060583027E+00     0 0 0
3
0.4979660000E+00      -0.2485031593E+00     0 0 0
0.8435290000E-01      -0.1317040844E+00     0 0 0
0.6663500000E-01       0.1233520791E+01     0 0 0
1
0.2595440000E-01       0.1000000000E+01      0 0 0
2
72.46542731935521        1.1452357565146603      0.05755003318356353     0       0
72.46542731935521        -1.1452357565146603     -0.05755003318356353    0       0
2
72.46542731935521        1.1452357565146603      0       0.05755003318356353     0
72.46542731935521        -1.1452357565146603     0       -0.05755003318356353    0
2
72.46542731935521        1.1452357565146603      0       0       0.05755003318356353
72.46542731935521        -1.1452357565146603     0       0       -0.05755003318356353
2
17.082895374070134       1.1452357565146605      0.11853054100431831     0       0
17.082895374070134       -1.1452357565146605     -0.11853054100431831    0       0
2
17.082895374070134       1.1452357565146605      0       0.11853054100431831     0
17.082895374070134       -1.1452357565146605     0       -0.11853054100431831    0
2
17.082895374070134       1.1452357565146605      0       0       0.11853054100431831
17.082895374070134       -1.1452357565146605     0       0       -0.11853054100431831
2
5.361019799094844        1.1452357565146603      0.2115861818210215      0       0
5.361019799094844        -1.1452357565146603     -0.2115861818210215     0       0
2
5.361019799094844        1.1452357565146603      0       0.2115861818210215      0
5.361019799094844        -1.1452357565146603     0       -0.2115861818210215     0
2
5.361019799094844        1.1452357565146603      0       0       0.2115861818210215
5.361019799094844        -1.1452357565146603     0       0       -0.2115861818210215
2
1.873047184107346        1.1452357565146603      0.357961771119787       0       0
1.873047184107346        -1.1452357565146603     -0.357961771119787      0       0
2
1.873047184107346        1.1452357565146603      0       0.357961771119787       0
1.873047184107346        -1.1452357565146603     0       -0.357961771119787      0
2
1.873047184107346        1.1452357565146603      0       0       0.357961771119787
1.873047184107346        -1.1452357565146603     0       0       -0.357961771119787
2
0.6632787736535803       1.1452357565146603      0.6015378476807635      0       0
0.6632787736535803       -1.1452357565146603     -0.6015378476807635     0       0
2
0.6632787736535803       1.1452357565146603      0       0.6015378476807635      0
0.6632787736535803       -1.1452357565146603     0       -0.6015378476807635     0
2
0.6632787736535803       1.1452357565146603      0       0       0.6015378476807635
0.6632787736535803       -1.1452357565146603     0       0       -0.6015378476807635
2
0.22387320683912965      1.1452357565146603      1.0354042588457444      0       0
0.22387320683912965      -1.1452357565146603     -1.0354042588457444     0       0
2
0.22387320683912965      1.1452357565146603      0       1.0354042588457444      0
0.22387320683912965      -1.1452357565146603     0       -1.0354042588457444     0
2
0.22387320683912965      1.1452357565146603      0       0       1.0354042588457444
0.22387320683912965      -1.1452357565146603     0       0       -1.0354042588457444
2
0.23903419367997483      1.1452357565146605      1.0020306172347422      0       0
0.23903419367997483      -1.1452357565146605     -1.0020306172347422     0       0
2
0.23903419367997483      1.1452357565146605      0       1.0020306172347422      0
0.23903419367997483      -1.1452357565146605     0       -1.0020306172347422     0
2
0.23903419367997483      1.1452357565146605      0       0       1.0020306172347422
0.23903419367997483      -1.1452357565146605     0       0       -1.0020306172347422
2
0.04049117296375164      1.1452357565146605      2.4346179982041263      0       0
0.04049117296375164      -1.1452357565146605     -2.4346179982041263     0       0
2
0.04049117296375164      1.1452357565146605      0       2.4346179982041263      0
0.04049117296375164      -1.1452357565146605     0       -2.4346179982041263     0
2
0.04049117296375164      1.1452357565146605      0       0       2.4346179982041263
0.04049117296375164      -1.1452357565146605     0       0       -2.4346179982041263
2
0.03198620688132347      1.1452357565146603      2.7392371702045897      0       0
0.03198620688132347      -1.1452357565146603     -2.7392371702045897     0       0
2
0.03198620688132347      1.1452357565146603      0       2.7392371702045897      0
0.03198620688132347      -1.1452357565146603     0       -2.7392371702045897     0
2
0.03198620688132347      1.1452357565146603      0       0       2.7392371702045897
0.03198620688132347      -1.1452357565146603     0       0       -2.7392371702045897
2
0.012458659981700636     1.14523575651466        4.389098632356024       0       0
0.012458659981700636     -1.14523575651466       -4.389098632356024      0       0
2
0.012458659981700636     1.14523575651466        0       4.389098632356024       0
0.012458659981700636     -1.14523575651466       0       -4.389098632356024      0
2
0.012458659981700636     1.14523575651466        0       0       4.389098632356024
0.012458659981700636     -1.14523575651466       0       0       -4.389098632356024
4
0.23625          0.9681266831113875      1.240092162473649       1.240092162473649       0
0.23625          -0.9681266831113875     -1.240092162473649      1.240092162473649       0
0.23625          -0.9681266831113875     1.240092162473649       -1.240092162473649      0
0.23625          0.9681266831113875      -1.240092162473649      -1.240092162473649      0
4
0.23625          0.9681266831113875      0       1.240092162473649       1.240092162473649
0.23625          -0.9681266831113875     0       1.240092162473649       -1.240092162473649
0.23625          -0.9681266831113875     0       -1.240092162473649      1.240092162473649
0.23625          0.9681266831113875      0       -1.240092162473649      -1.240092162473649
4
0.23625          0.9681266831113875      1.240092162473649       0       1.240092162473649
0.23625          -0.9681266831113875     -1.240092162473649      0       1.240092162473649
0.23625          -0.9681266831113875     1.240092162473649       0       -1.240092162473649
0.23625          0.9681266831113875      -1.240092162473649      0       -1.240092162473649


