37
6
0.1172280000E+05       0.1977829317E-02 0 0 0
0.1759930000E+04       0.1511399478E-01 0 0 0
0.4008460000E+03       0.7391077448E-01 0 0 0
0.1128070000E+03       0.2491909140E+00 0 0 0
0.3599970000E+02       0.4879278316E+00 0 0 0
0.1218280000E+02       0.3196618896E+00 0 0 0
6
0.1891800000E+03      -0.3237170471E-02       0 0 0
0.4521190000E+02      -0.4100790597E-01       0 0 0
0.1435630000E+02      -0.1126000164E+00       0 0 0
0.5138860000E+01       0.1486330216E+00       0 0 0
0.1906520000E+01       0.6164970898E+00       0 0 0
0.7058870000E+00       0.3648290531E+00       0 0 0
3
0.9293400000E+00      -0.2122908985E+00     0 0 0
0.2690350000E+00      -0.1079854570E+00     0 0 0
0.1173790000E+00       0.1175844977E+01     0 0 0 
1
0.4210610000E-01       0.1000000000E+01      0 0 0
2
90.8103942043787         1.1452357565146605      0.05140948184894654     0       0
90.8103942043787         -1.1452357565146605     -0.05140948184894654    0       0
2
90.8103942043787         1.1452357565146605      0       0.05140948184894654     0
90.8103942043787         -1.1452357565146605     0       -0.05140948184894654    0
2
90.8103942043787         1.1452357565146605      0       0       0.05140948184894654
90.8103942043787         -1.1452357565146605     0       0       -0.05140948184894654
2
21.70266657008642        1.1452357565146603      0.10516093965996727     0       0
21.70266657008642        -1.1452357565146603     -0.10516093965996727    0       0
2
21.70266657008642        1.1452357565146603      0       0.10516093965996727     0
21.70266657008642        -1.1452357565146603     0       -0.10516093965996727    0
2
21.70266657008642        1.1452357565146603      0       0       0.10516093965996727
21.70266657008642        -1.1452357565146603     0       0       -0.10516093965996727
2
6.891327108131524        1.1452357565146605      0.18662059712484266     0       0
6.891327108131524        -1.1452357565146605     -0.18662059712484266    0       0
2
6.891327108131524        1.1452357565146605      0       0.18662059712484266     0
6.891327108131524        -1.1452357565146605     0       -0.18662059712484266    0
2
6.891327108131524        1.1452357565146605      0       0       0.18662059712484266
6.891327108131524        -1.1452357565146605     0       0       -0.18662059712484266
2
2.4667612980289326       1.1452357565146603      0.3119230323273825      0       0
2.4667612980289326       -1.1452357565146603     -0.3119230323273825     0       0
2
2.4667612980289326       1.1452357565146603      0       0.3119230323273825      0
2.4667612980289326       -1.1452357565146603     0       -0.3119230323273825     0
2
2.4667612980289326       1.1452357565146603      0       0       0.3119230323273825
2.4667612980289326       -1.1452357565146603     0       0       -0.3119230323273825
2
0.915169852830807        1.1452357565146603      0.5121063422941861      0       0
0.915169852830807        -1.1452357565146603     -0.5121063422941861     0       0
2
0.915169852830807        1.1452357565146603      0       0.5121063422941861      0
0.915169852830807        -1.1452357565146603     0       -0.5121063422941861     0
2
0.915169852830807        1.1452357565146603      0       0       0.5121063422941861
0.915169852830807        -1.1452357565146603     0       0       -0.5121063422941861
2
0.3388406635677464       1.1452357565146603      0.8416145699937081      0       0
0.3388406635677464       -1.1452357565146603     -0.8416145699937081     0       0
2
0.3388406635677464       1.1452357565146603      0       0.8416145699937081      0
0.3388406635677464       -1.1452357565146603     0       -0.8416145699937081     0
2
0.3388406635677464       1.1452357565146603      0       0       0.8416145699937081
0.3388406635677464       -1.1452357565146603     0       0       -0.8416145699937081
2
0.44610282138649593      1.1452357565146603      0.7334888597778209      0       0
0.44610282138649593      -1.1452357565146603     -0.7334888597778209     0       0
2
0.44610282138649593      1.1452357565146603      0       0.7334888597778209      0
0.44610282138649593      -1.1452357565146603     0       -0.7334888597778209     0
2
0.44610282138649593      1.1452357565146603      0       0       0.7334888597778209
0.44610282138649593      -1.1452357565146603     0       0       -0.7334888597778209
2
0.12914248020284927      1.1452357565146603      1.3632529486638298      0       0
0.12914248020284927      -1.1452357565146603     -1.3632529486638298     0       0
2
0.12914248020284927      1.1452357565146603      0       1.3632529486638298      0
0.12914248020284927      -1.1452357565146603     0       -1.3632529486638298     0
2
0.12914248020284927      1.1452357565146603      0       0       1.3632529486638298
0.12914248020284927      -1.1452357565146603     0       0       -1.3632529486638298
2
0.05634439825201272      1.1452357565146603      2.0638856650433497      0       0
0.05634439825201272      -1.1452357565146603     -2.0638856650433497     0       0
2
0.05634439825201272      1.1452357565146603      0       2.0638856650433497      0
0.05634439825201272      -1.1452357565146603     0       -2.0638856650433497     0
2
0.05634439825201272      1.1452357565146603      0       0       2.0638856650433497
0.05634439825201272      -1.1452357565146603     0       0       -2.0638856650433497
2
0.020211816996558777     1.1452357565146603      3.4459448966999466      0       0
0.020211816996558777     -1.1452357565146603     -3.4459448966999466     0       0
2
0.020211816996558777     1.1452357565146603      0       3.4459448966999466      0
0.020211816996558777     -1.1452357565146603     0       -3.4459448966999466     0
2
0.020211816996558777     1.1452357565146603      0       0       3.4459448966999466
0.020211816996558777     -1.1452357565146603     0       0       -3.4459448966999466
4
0.23625          0.9681266831113875      1.240092162473649       1.240092162473649       0
0.23625          -0.9681266831113875     -1.240092162473649      1.240092162473649       0
0.23625          -0.9681266831113875     1.240092162473649       -1.240092162473649      0
0.23625          0.9681266831113875      -1.240092162473649      -1.240092162473649      0
4
0.23625          0.9681266831113875      0       1.240092162473649       1.240092162473649
0.23625          -0.9681266831113875     0       1.240092162473649       -1.240092162473649
0.23625          -0.9681266831113875     0       -1.240092162473649      1.240092162473649
0.23625          0.9681266831113875      0       -1.240092162473649      -1.240092162473649
4
0.23625          0.9681266831113875      1.240092162473649       0       1.240092162473649
0.23625          -0.9681266831113875     -1.240092162473649      0       1.240092162473649
0.23625          -0.9681266831113875     1.240092162473649       0       -1.240092162473649
0.23625          0.9681266831113875      -1.240092162473649      0       -1.240092162473649