37
6
0.1398310000E+05       0.1942669947E-02 0  0 0
      0.2098750000E+04       0.1485989959E-01 0 0 0
      0.4777050000E+03       0.7284939800E-01 0 0 0
      0.1343600000E+03       0.2468299932E+00 0 0 0
      0.4287090000E+02       0.4872579866E+00 0 0 0
      0.1451890000E+02       0.3234959911E+00 0 0 0
6
 0.2396680000E+03      -0.2926190028E-02       0 0 0
      0.5744190000E+02      -0.3740830036E-01      0 0 0
      0.1828590000E+02      -0.1144870011E+00      0 0 0
      0.6599140000E+01       0.1156350011E+00      0 0 0
      0.2490490000E+01       0.6125950058E+00       0 0 0
      0.9445450000E+00       0.3937990037E+00       0 0 0
3
 0.1277900000E+01      -0.2276069245E+00     0 0 0
      0.3975900000E+00       0.1445835873E-02    0 0 0
      0.1600950000E+00       0.1092794439E+01      0 0 0
1
      0.5565770000E-01       0.1000000000E+01       0 0 0
2
115.04570017007629       1.1452357565146603      0.045674711343417974    0       0
115.04570017007629       -1.1452357565146603     -0.045674711343417974   0       0
2
115.04570017007629       1.1452357565146603      0       0.045674711343417974    0
115.04570017007629       -1.1452357565146603     0       -0.045674711343417974   0
2
115.04570017007629       1.1452357565146603      0       0       0.045674711343417974
115.04570017007629       -1.1452357565146603     0       0       -0.045674711343417974
2
27.57332478511735        1.1452357565146603      0.09329673359275874     0       0
27.57332478511735        -1.1452357565146603     -0.09329673359275874    0       0
2
27.57332478511735        1.1452357565146603      0       0.09329673359275874     0
27.57332478511735        -1.1452357565146603     0       -0.09329673359275874    0
2
27.57332478511735        1.1452357565146603      0       0       0.09329673359275874
27.57332478511735        -1.1452357565146603     0       0       -0.09329673359275874
2
8.777618074753402        1.1452357565146603      0.16535703143519764     0       0
8.777618074753402        -1.1452357565146603     -0.16535703143519764    0       0
2
8.777618074753402        1.1452357565146603      0       0.16535703143519764     0
8.777618074753402        -1.1452357565146603     0       -0.16535703143519764    0
2
8.777618074753402        1.1452357565146603      0       0       0.16535703143519764
8.777618074753402        -1.1452357565146603     0       0       -0.16535703143519764
2
3.1677265292836645       1.1452357565146603      0.275256235653345       0       0
3.1677265292836645       -1.1452357565146603     -0.275256235653345      0       0
2
3.1677265292836645       1.1452357565146603      0       0.275256235653345       0
3.1677265292836645       -1.1452357565146603     0       -0.275256235653345      0
2
3.1677265292836645       1.1452357565146603      0       0       0.275256235653345
3.1677265292836645       -1.1452357565146603     0       0       -0.275256235653345
2
1.1954877823346182       1.1452357565146603      0.44806233326007944     0       0
1.1954877823346182       -1.1452357565146603     -0.44806233326007944    0       0
2
1.1954877823346182       1.1452357565146603      0       0.44806233326007944     0
1.1954877823346182       -1.1452357565146603     0       -0.44806233326007944    0
2
1.1954877823346182       1.1452357565146603      0       0       0.44806233326007944
1.1954877823346182       -1.1452357565146603     0       0       -0.44806233326007944
2
0.45340154241344155      1.1452357565146603      0.7275611664238228      0       0
0.45340154241344155      -1.1452357565146603     -0.7275611664238228     0       0
2
0.45340154241344155      1.1452357565146603      0       0.7275611664238228      0
0.45340154241344155      -1.1452357565146603     0       -0.7275611664238228     0
2
0.45340154241344155      1.1452357565146603      0       0       0.7275611664238228
0.45340154241344155      -1.1452357565146603     0       0       -0.7275611664238228
2
0.6134189806204436       1.1452357565146603      0.6255073283302279      0       0
0.6134189806204436       -1.1452357565146603     -0.6255073283302279     0       0
2
0.6134189806204436       1.1452357565146603      0       0.6255073283302279      0
0.6134189806204436       -1.1452357565146603     0       -0.6255073283302279     0
2
0.6134189806204436       1.1452357565146603      0       0       0.6255073283302279
0.6134189806204436       -1.1452357565146603     0       0       -0.6255073283302279
2
0.19085159441652882      1.1452357565146603      1.1214066080162572      0       0
0.19085159441652882      -1.1452357565146603     -1.1214066080162572     0       0
2
0.19085159441652882      1.1452357565146603      0       1.1214066080162572      0
0.19085159441652882      -1.1452357565146603     0       -1.1214066080162572     0
2
0.19085159441652882      1.1452357565146603      0       0       1.1214066080162572
0.19085159441652882      -1.1452357565146603     0       0       -1.1214066080162572
2
0.07684898012554184      1.1452357565146605      1.7672254328035248      0       0
0.07684898012554184      -1.1452357565146605     -1.7672254328035248     0       0
2
0.07684898012554184      1.1452357565146605      0       1.7672254328035248      0
0.07684898012554184      -1.1452357565146605     0       -1.7672254328035248     0
2
0.07684898012554184      1.1452357565146605      0       0       1.7672254328035248
0.07684898012554184      -1.1452357565146605     0       0       -1.7672254328035248
2
0.026716871114859115     1.1452357565146605      2.997217153462743       0       0
0.026716871114859115     -1.1452357565146605     -2.997217153462743      0       0
2
0.026716871114859115     1.1452357565146605      0       2.997217153462743       0
0.026716871114859115     -1.1452357565146605     0       -2.997217153462743      0
2
0.026716871114859115     1.1452357565146605      0       0       2.997217153462743
0.026716871114859115     -1.1452357565146605     0       0       -2.997217153462743
4
0.43875000000000003      0.9681266831113873      0.9099788670411738      0.9099788670411738      0
0.43875000000000003      -0.9681266831113873     -0.9099788670411738     0.9099788670411738      0
0.43875000000000003      -0.9681266831113873     0.9099788670411738      -0.9099788670411738     0
0.43875000000000003      0.9681266831113873      -0.9099788670411738     -0.9099788670411738     0
4
0.43875000000000003      0.9681266831113873      0       0.9099788670411738      0.9099788670411738
0.43875000000000003      -0.9681266831113873     0       0.9099788670411738      -0.9099788670411738
0.43875000000000003      -0.9681266831113873     0       -0.9099788670411738     0.9099788670411738
0.43875000000000003      0.9681266831113873      0       -0.9099788670411738     -0.9099788670411738
4
0.43875000000000003      0.9681266831113873      0.9099788670411738      0       0.9099788670411738
0.43875000000000003      -0.9681266831113873     -0.9099788670411738     0       0.9099788670411738
0.43875000000000003      -0.9681266831113873     0.9099788670411738      0       -0.9099788670411738
0.43875000000000003      0.9681266831113873      -0.9099788670411738     0       -0.9099788670411738