37
6
 0.1611590000E+05       0.1959480216E-02 0 0 0
0.2425580000E+04       0.1492880164E-01 0 0 0
      0.5538670000E+03       0.7284780801E-01 0 0 0
      0.1563400000E+03       0.2461300271E+00 0 0 0
      0.5006830000E+02       0.4859140535E+00 0 0 0
      0.1701780000E+02       0.3250020358E+00 0 0 0
6
 0.2927180000E+03      -0.2780941415E-02       0 0 0
      0.6987310000E+02      -0.3571461817E-01      0 0 0
      0.2233630000E+02      -0.1149850585E+00       0 0 0
      0.8150390000E+01       0.9356344760E-01      0 0 0
      0.3134580000E+01       0.6030173068E+00       0 0 0
      0.1225430000E+01       0.4189592131E+00      0 0 0
3
      0.1727380000E+01      -0.2446310042E+00      0 0 0
      0.5729220000E+00       0.4315737717E-02       0 0 0
      0.2221920000E+00       0.1098184508E+01      0 0 0
1
0.7783690000E-01       0.1000000000E+01      0 0 0
2
140.51082022791692       1.1452357565146603      0.04132911662105743     0       0
140.51082022791692       -1.1452357565146603     -0.04132911662105743    0       0
2
140.51082022791692       1.1452357565146603      0       0.04132911662105743     0
140.51082022791692       -1.1452357565146603     0       -0.04132911662105743    0
2
140.51082022791692       1.1452357565146603      0       0       0.04132911662105743
140.51082022791692       -1.1452357565146603     0       0       -0.04132911662105743
2
33.54056324813391        1.1452357565146603      0.08459132574277407     0       0
33.54056324813391        -1.1452357565146603     -0.08459132574277407    0       0
2
33.54056324813391        1.1452357565146603      0       0.08459132574277407     0
33.54056324813391        -1.1452357565146603     0       -0.08459132574277407    0
2
33.54056324813391        1.1452357565146603      0       0       0.08459132574277407
33.54056324813391        -1.1452357565146603     0       0       -0.08459132574277407
2
10.721895591855713       1.1452357565146603      0.14961502870448568     0       0
10.721895591855713       -1.1452357565146603     -0.14961502870448568    0       0
2
10.721895591855713       1.1452357565146603      0       0.14961502870448568     0
10.721895591855713       -1.1452357565146603     0       -0.14961502870448568    0
2
10.721895591855713       1.1452357565146603      0       0       0.14961502870448568
10.721895591855713       -1.1452357565146603     0       0       -0.14961502870448568
2
3.912359281210625        1.1452357565146603      0.2476804009384007      0       0
3.912359281210625        -1.1452357565146603     -0.2476804009384007     0       0
2
3.912359281210625        1.1452357565146603      0       0.2476804009384007      0
3.912359281210625        -1.1452357565146603     0       -0.2476804009384007     0
2
3.912359281210625        1.1452357565146603      0       0       0.2476804009384007
3.912359281210625        -1.1452357565146603     0       0       -0.2476804009384007
2
1.5046645811669381       1.1452357565146605      0.39938445594183153     0       0
1.5046645811669381       -1.1452357565146605     -0.39938445594183153    0       0
2
1.5046645811669381       1.1452357565146605      0       0.39938445594183153     0
1.5046645811669381       -1.1452357565146605     0       -0.39938445594183153    0
2
1.5046645811669381       1.1452357565146605      0       0       0.39938445594183153
1.5046645811669381       -1.1452357565146605     0       0       -0.39938445594183153
2
0.5882322728082873       1.1452357565146603      0.6387583393741766      0       0
0.5882322728082873       -1.1452357565146603     -0.6387583393741766     0       0
2
0.5882322728082873       1.1452357565146603      0       0.6387583393741766      0
0.5882322728082873       -1.1452357565146603     0       -0.6387583393741766     0
2
0.5882322728082873       1.1452357565146603      0       0       0.6387583393741766
0.5882322728082873       -1.1452357565146603     0       0       -0.6387583393741766
2
0.8291788706034446       1.1452357565146605      0.538005720905615       0       0
0.8291788706034446       -1.1452357565146605     -0.538005720905615      0       0
2
0.8291788706034446       1.1452357565146605      0       0.538005720905615       0
0.8291788706034446       -1.1452357565146605     0       -0.538005720905615      0
2
0.8291788706034446       1.1452357565146605      0       0       0.538005720905615
0.8291788706034446       -1.1452357565146605     0       0       -0.538005720905615
2
0.2750146562446403       1.1452357565146603      0.9341854257866116      0       0
0.2750146562446403       -1.1452357565146603     -0.9341854257866116     0       0
2
0.2750146562446403       1.1452357565146603      0       0.9341854257866116      0
0.2750146562446403       -1.1452357565146603     0       -0.9341854257866116     0
2
0.2750146562446403       1.1452357565146603      0       0       0.9341854257866116
0.2750146562446403       -1.1452357565146603     0       0       -0.9341854257866116
2
0.10665685119494296      1.1452357565146603      1.500087624357918       0       0
0.10665685119494296      -1.1452357565146603     -1.500087624357918      0       0
2
0.10665685119494296      1.1452357565146603      0       1.500087624357918       0
0.10665685119494296      -1.1452357565146603     0       -1.500087624357918      0
2
0.10665685119494296      1.1452357565146603      0       0       1.500087624357918
0.10665685119494296      -1.1452357565146603     0       0       -1.500087624357918
2
0.037363355389823466     1.1452357565146603      2.5344753503023583      0       0
0.037363355389823466     -1.1452357565146603     -2.5344753503023583     0       0
2
0.037363355389823466     1.1452357565146603      0       2.5344753503023583      0
0.037363355389823466     -1.1452357565146603     0       -2.5344753503023583     0
2
0.037363355389823466     1.1452357565146603      0       0       2.5344753503023583
0.037363355389823466     -1.1452357565146603     0       0       -2.5344753503023583
4
0.6075   0.9681266831113873      0.7733333333333333      0.7733333333333333      0
0.6075   -0.9681266831113873     -0.7733333333333333     0.7733333333333333      0
0.6075   -0.9681266831113873     0.7733333333333333      -0.7733333333333333     0
0.6075   0.9681266831113873      -0.7733333333333333     -0.7733333333333333     0
4
0.6075   0.9681266831113873      0       0.7733333333333333      0.7733333333333333
0.6075   -0.9681266831113873     0       0.7733333333333333      -0.7733333333333333
0.6075   -0.9681266831113873     0       -0.7733333333333333     0.7733333333333333
0.6075   0.9681266831113873      0       -0.7733333333333333     -0.7733333333333333
4
0.6075   0.9681266831113873      0.7733333333333333      0       0.7733333333333333
0.6075   -0.9681266831113873     -0.7733333333333333     0       0.7733333333333333
0.6075   -0.9681266831113873     0.7733333333333333      0       -0.7733333333333333
0.6075   0.9681266831113873      -0.7733333333333333     0       -0.7733333333333333