37
6
  0.1941330000E+05       0.1851598923E-02 0 0 0
      0.2909420000E+04       0.1420619174E-01 0 0 0
      0.6613640000E+03       0.6999945928E-01 0 0 0
      0.1857590000E+03       0.2400788603E+00 0 0 0
      0.5919430000E+02       0.4847617180E+00 0 0 0
      0.2003100000E+02       0.3351998050E+00 0 0 0
6
 0.3394780000E+03      -0.2782170105E-02      0 0 0
      0.8101010000E+02      -0.3604990135E-01     0 0 0
      0.2587800000E+02      -0.1166310044E+00      0 0 0
      0.9452210000E+01       0.9683280364E-01       0 0 0
      0.3665660000E+01       0.6144180231E+00       0 0 0
      0.1467460000E+01       0.4037980152E+00     0 0 0
3
   0.2156230000E+01      -0.2529241139E+00     0 0 0
      0.7489970000E+00       0.3285184468E-01      0 0 0
      0.2831450000E+00       0.1081254762E+01      0 0 0
1
 0.9983170000E-01       0.1000000000E+01      0 0 0
2
162.95660748342357       1.1452357565146603      0.03837735325947843     0       0
162.95660748342357       -1.1452357565146603     -0.03837735325947843    0       0
2
162.95660748342357       1.1452357565146603      0       0.03837735325947843     0
162.95660748342357       -1.1452357565146603     0       -0.03837735325947843    0
2
162.95660748342357       1.1452357565146603      0       0       0.03837735325947843
162.95660748342357       -1.1452357565146603     0       0       -0.03837735325947843
2
38.88655838638407        1.1452357565146603      0.07856176883251903     0       0
38.88655838638407        -1.1452357565146603     -0.07856176883251903    0       0
2
38.88655838638407        1.1452357565146603      0       0.07856176883251903     0
38.88655838638407        -1.1452357565146603     0       -0.07856176883251903    0
2
38.88655838638407        1.1452357565146603      0       0       0.07856176883251903
38.88655838638407        -1.1452357565146603     0       0       -0.07856176883251903
2
12.42198636864844        1.1452357565146605      0.1390002185127063      0       0
12.42198636864844        -1.1452357565146605     -0.1390002185127063     0       0
2
12.42198636864844        1.1452357565146605      0       0.1390002185127063      0
12.42198636864844        -1.1452357565146605     0       -0.1390002185127063     0
2
12.42198636864844        1.1452357565146605      0       0       0.1390002185127063
12.42198636864844        -1.1452357565146605     0       0       -0.1390002185127063
2
4.537260366859976        1.1452357565146603      0.2299927554333423      0       0
4.537260366859976        -1.1452357565146603     -0.2299927554333423     0       0
2
4.537260366859976        1.1452357565146603      0       0.2299927554333423      0
4.537260366859976        -1.1452357565146603     0       -0.2299927554333423     0
2
4.537260366859976        1.1452357565146603      0       0       0.2299927554333423
4.537260366859976        -1.1452357565146603     0       0       -0.2299927554333423
2
1.7595941939910287       1.1452357565146603      0.36932163284679304     0       0
1.7595941939910287       -1.1452357565146603     -0.36932163284679304    0       0
2
1.7595941939910287       1.1452357565146603      0       0.36932163284679304     0
1.7595941939910287       -1.1452357565146603     0       -0.36932163284679304    0
2
1.7595941939910287       1.1452357565146603      0       0       0.36932163284679304
1.7595941939910287       -1.1452357565146603     0       0       -0.36932163284679304
2
0.7044117828478568       1.1452357565146605      0.5837107628537757      0       0
0.7044117828478568       -1.1452357565146605     -0.5837107628537757     0       0
2
0.7044117828478568       1.1452357565146605      0       0.5837107628537757      0
0.7044117828478568       -1.1452357565146605     0       -0.5837107628537757     0
2
0.7044117828478568       1.1452357565146605      0       0       0.5837107628537757
0.7044117828478568       -1.1452357565146605     0       0       -0.5837107628537757
2
1.035035925020126        1.1452357565146605      0.4815410275585384      0       0
1.035035925020126        -1.1452357565146605     -0.4815410275585384     0       0
2
1.035035925020126        1.1452357565146605      0       0.4815410275585384      0
1.035035925020126        -1.1452357565146605     0       -0.4815410275585384     0
2
1.035035925020126        1.1452357565146605      0       0       0.4815410275585384
1.035035925020126        -1.1452357565146605     0       0       -0.4815410275585384
2
0.3595343737598955       1.1452357565146603      0.8170352577069309      0       0
0.3595343737598955       -1.1452357565146603     -0.8170352577069309     0       0
2
0.3595343737598955       1.1452357565146603      0       0.8170352577069309      0
0.3595343737598955       -1.1452357565146603     0       -0.8170352577069309     0
2
0.3595343737598955       1.1452357565146603      0       0       0.8170352577069309
0.3595343737598955       -1.1452357565146603     0       0       -0.8170352577069309
2
0.1359155781107876       1.1452357565146605      1.3288513097359527      0       0
0.1359155781107876       -1.1452357565146605     -1.3288513097359527     0       0
2
0.1359155781107876       1.1452357565146605      0       1.3288513097359527      0
0.1359155781107876       -1.1452357565146605     0       -1.3288513097359527     0
2
0.1359155781107876       1.1452357565146605      0       0       1.3288513097359527
0.1359155781107876       -1.1452357565146605     0       0       -1.3288513097359527
2
0.047921323771504765     1.1452357565146603      2.2379305450904377      0       0
0.047921323771504765     -1.1452357565146603     -2.2379305450904377     0       0
2
0.047921323771504765     1.1452357565146603      0       2.2379305450904377      0
0.047921323771504765     -1.1452357565146603     0       -2.2379305450904377     0
2
0.047921323771504765     1.1452357565146603      0       0       2.2379305450904377
0.047921323771504765     -1.1452357565146603     0       0       -2.2379305450904377
4
0.7425   0.9681266831113873      0.6995063194204115      0.6995063194204115      0
0.7425   -0.9681266831113873     -0.6995063194204115     0.6995063194204115      0
0.7425   -0.9681266831113873     0.6995063194204115      -0.6995063194204115     0
0.7425   0.9681266831113873      -0.6995063194204115     -0.6995063194204115     0
4
0.7425   0.9681266831113873      0       0.6995063194204115      0.6995063194204115
0.7425   -0.9681266831113873     0       0.6995063194204115      -0.6995063194204115
0.7425   -0.9681266831113873     0       -0.6995063194204115     0.6995063194204115
0.7425   0.9681266831113873      0       -0.6995063194204115     -0.6995063194204115
4
0.7425   0.9681266831113873      0.6995063194204115      0       0.6995063194204115
0.7425   -0.9681266831113873     -0.6995063194204115     0       0.6995063194204115
0.7425   -0.9681266831113873     0.6995063194204115      0       -0.6995063194204115
0.7425   0.9681266831113873      -0.6995063194204115     0       -0.6995063194204115