37
6
0.2191710000E+05       0.1869240849E-02 0 0 0
      0.3301490000E+04       0.1423030646E-01 0 0 0
      0.7541460000E+03       0.6969623166E-01 0 0 0
      0.2127110000E+03       0.2384871083E+00 0 0 0
      0.6798960000E+02       0.4833072195E+00 0 0 0
      0.2305150000E+02       0.3380741536E+00 0 0 0
6
  0.4237350000E+03      -0.2376770499E-02      0 0 0
      0.1007100000E+03      -0.3169300665E-01    0 0 0
      0.3215990000E+02      -0.1133170238E+00     0 0 0
      0.1180790000E+02       0.5609001177E-01     0 0 0
      0.4631100000E+01       0.5922551243E+00      0 0 0
      0.1870250000E+01       0.4550060955E+00     0 0 0
3
 0.2615840000E+01      -0.2503731142E+00      0 0 0
      0.9221670000E+00       0.6695676310E-01      0 0 0
      0.3412870000E+00       0.1054506269E+01      0 0 0
1      
0.1171670000E+00       0.1000000000E+01      00 0 0
2
203.40174642241467       1.1452357565146603      0.03435054788765316     0       0
203.40174642241467       -1.1452357565146603     -0.03435054788765316    0       0
2
203.40174642241467       1.1452357565146603      0       0.03435054788765316     0
203.40174642241467       -1.1452357565146603     0       -0.03435054788765316    0
2
203.40174642241467       1.1452357565146603      0       0       0.03435054788765316
203.40174642241467       -1.1452357565146603     0       0       -0.03435054788765316
2
48.34292631527105        1.1452357565146603      0.07046030832426883     0       0
48.34292631527105        -1.1452357565146603     -0.07046030832426883    0       0
2
48.34292631527105        1.1452357565146603      0       0.07046030832426883     0
48.34292631527105        -1.1452357565146603     0       -0.07046030832426883    0
2
48.34292631527105        1.1452357565146603      0       0       0.07046030832426883
48.34292631527105        -1.1452357565146603     0       0       -0.07046030832426883
2
15.437430999965104       1.1452357565146605      0.1246876650987551      0       0
15.437430999965104       -1.1452357565146605     -0.1246876650987551     0       0
2
15.437430999965104       1.1452357565146605      0       0.1246876650987551      0
15.437430999965104       -1.1452357565146605     0       -0.1246876650987551     0
2
15.437430999965104       1.1452357565146605      0       0       0.1246876650987551
15.437430999965104       -1.1452357565146605     0       0       -0.1246876650987551
2
5.668041303128677        1.1452357565146603      0.20577589723398504     0       0
5.668041303128677        -1.1452357565146603     -0.20577589723398504    0       0
2
5.668041303128677        1.1452357565146603      0       0.20577589723398504     0
5.668041303128677        -1.1452357565146603     0       -0.20577589723398504    0
2
5.668041303128677        1.1452357565146603      0       0       0.20577589723398504
5.668041303128677        -1.1452357565146603     0       0       -0.20577589723398504
2
2.2230257775658004       1.1452357565146603      0.32857820881512473     0       0
2.2230257775658004       -1.1452357565146603     -0.32857820881512473    0       0
2
2.2230257775658004       1.1452357565146603      0       0.32857820881512473     0
2.2230257775658004       -1.1452357565146603     0       -0.32857820881512473    0
2
2.2230257775658004       1.1452357565146603      0       0       0.32857820881512473
2.2230257775658004       -1.1452357565146603     0       0       -0.32857820881512473
2
0.8977594870532786       1.1452357565146603      0.517048170211902       0       0
0.8977594870532786       -1.1452357565146603     -0.517048170211902      0       0
2
0.8977594870532786       1.1452357565146603      0       0.517048170211902       0
0.8977594870532786       -1.1452357565146603     0       -0.517048170211902      0
2
0.8977594870532786       1.1452357565146603      0       0       0.517048170211902
0.8977594870532786       -1.1452357565146603     0       0       -0.517048170211902
2
1.2556584288803359       1.1452357565146603      0.4371950629404618      0       0
1.2556584288803359       -1.1452357565146603     -0.4371950629404618     0       0
2
1.2556584288803359       1.1452357565146603      0       0.4371950629404618      0
1.2556584288803359       -1.1452357565146603     0       -0.4371950629404618     0
2
1.2556584288803359       1.1452357565146603      0       0       0.4371950629404618
1.2556584288803359       -1.1452357565146603     0       0       -0.4371950629404618
2
0.44265962994116337      1.1452357565146603      0.7363360252112823      0       0
0.44265962994116337      -1.1452357565146603     -0.7363360252112823     0       0
2
0.44265962994116337      1.1452357565146603      0       0.7363360252112823      0
0.44265962994116337      -1.1452357565146603     0       -0.7363360252112823     0
2
0.44265962994116337      1.1452357565146603      0       0       0.7363360252112823
0.44265962994116337      -1.1452357565146603     0       0       -0.7363360252112823
2
0.16382496567729035      1.1452357565146603      1.2103778412431159      0       0
0.16382496567729035      -1.1452357565146603     -1.2103778412431159     0       0
2
0.16382496567729035      1.1452357565146603      0       1.2103778412431159      0
0.16382496567729035      -1.1452357565146603     0       -1.2103778412431159     0
2
0.16382496567729035      1.1452357565146603      0       0       1.2103778412431159
0.16382496567729035      -1.1452357565146603     0       0       -1.2103778412431159
2
0.056242633776004004     1.1452357565146603      2.0657520012078123      0       0
0.056242633776004004     -1.1452357565146603     -2.0657520012078123     0       0
2
0.056242633776004004     1.1452357565146603      0       2.0657520012078123      0
0.056242633776004004     -1.1452357565146603     0       -2.0657520012078123     0
2
0.056242633776004004     1.1452357565146603      0       0       2.0657520012078123
0.056242633776004004     -1.1452357565146603     0       0       -2.0657520012078123
4
0.8775000000000001       0.9681266831113875      0.6434522276212656      0.6434522276212656      0
0.8775000000000001       -0.9681266831113875     -0.6434522276212656     0.6434522276212656      0
0.8775000000000001       -0.9681266831113875     0.6434522276212656      -0.6434522276212656     0
0.8775000000000001       0.9681266831113875      -0.6434522276212656     -0.6434522276212656     0
4
0.8775000000000001       0.9681266831113875      0       0.6434522276212656      0.6434522276212656
0.8775000000000001       -0.9681266831113875     0       0.6434522276212656      -0.6434522276212656
0.8775000000000001       -0.9681266831113875     0       -0.6434522276212656     0.6434522276212656
0.8775000000000001       0.9681266831113875      0       -0.6434522276212656     -0.6434522276212656
4
0.8775000000000001       0.9681266831113875      0.6434522276212656      0       0.6434522276212656
0.8775000000000001       -0.9681266831113875     -0.6434522276212656     0       0.6434522276212656
0.8775000000000001       -0.9681266831113875     0.6434522276212656      0       -0.6434522276212656
0.8775000000000001       0.9681266831113875      -0.6434522276212656     0       -0.6434522276212656