37
6
  0.2518010000E+05       0.1832959848E-02 0 0 0
      0.3780350000E+04       0.1403419883E-01 0 0 0
      0.8604740000E+03       0.6909739426E-01 0 0 0
      0.2421450000E+03       0.2374519803E+00 0 0 0
      0.7733490000E+02       0.4830339599E+00 0 0 0
      0.2624700000E+02       0.3398559718E+00 0 0 0
6
 0.4917650000E+03      -0.2297391417E-02      0 0 0
      0.1169840000E+03      -0.3071371894E-01      0 0 0
      0.3741530000E+02      -0.1125280694E+00       0 0 0
      0.1378340000E+02       0.4501632776E-01       0 0 0
      0.5452150000E+01       0.5893533634E+00      0 0 0
      0.2225880000E+01       0.4652062868E+00      0 0 0
3
      0.3186490000E+01      -0.2518280280E+00     0 0 0
      0.1144270000E+01       0.6158925141E-01      0 0 0
      0.4203770000E+00       0.1060184328E+01       0 0 0
1
      0.1426570000E+00       0.1000000000E+01      0 0 0
2
236.05758275671997       1.1452357565146605      0.031886145928869916    0       0
236.05758275671997       -1.1452357565146605     -0.031886145928869916   0       0
2
236.05758275671997       1.1452357565146605      0       0.031886145928869916    0
236.05758275671997       -1.1452357565146605     0       -0.031886145928869916   0
2
236.05758275671997       1.1452357565146605      0       0       0.031886145928869916
236.05758275671997       -1.1452357565146605     0       0       -0.031886145928869916
2
56.154789912279504       1.1452357565146605      0.06537588842419624     0       0
56.154789912279504       -1.1452357565146605     -0.06537588842419624    0       0
2
56.154789912279504       1.1452357565146605      0       0.06537588842419624     0
56.154789912279504       -1.1452357565146605     0       -0.06537588842419624    0
2
56.154789912279504       1.1452357565146605      0       0       0.06537588842419624
56.154789912279504       -1.1452357565146605     0       0       -0.06537588842419624
2
17.960133958532033       1.1452357565146605      0.11559957072419279     0       0
17.960133958532033       -1.1452357565146605     -0.11559957072419279    0       0
2
17.960133958532033       1.1452357565146605      0       0.11559957072419279     0
17.960133958532033       -1.1452357565146605     0       -0.11559957072419279    0
2
17.960133958532033       1.1452357565146605      0       0       0.11559957072419279
17.960133958532033       -1.1452357565146605     0       0       -0.11559957072419279
2
6.616323012351375        1.1452357565146603      0.19045950767480427     0       0
6.616323012351375        -1.1452357565146603     -0.19045950767480427    0       0
2
6.616323012351375        1.1452357565146603      0       0.19045950767480427     0
6.616323012351375        -1.1452357565146603     0       -0.19045950767480427    0
2
6.616323012351375        1.1452357565146603      0       0       0.19045950767480427
6.616323012351375        -1.1452357565146603     0       0       -0.19045950767480427
2
2.6171471125986003       1.1452357565146603      0.30282863530262916     0       0
2.6171471125986003       -1.1452357565146603     -0.30282863530262916    0       0
2
2.6171471125986003       1.1452357565146603      0       0.30282863530262916     0
2.6171471125986003       -1.1452357565146603     0       -0.30282863530262916    0
2
2.6171471125986003       1.1452357565146603      0       0       0.30282863530262916
2.6171471125986003       -1.1452357565146603     0       0       -0.30282863530262916
2
1.0684693955578943       1.1452357565146603      0.473947201896998       0       0
1.0684693955578943       -1.1452357565146603     -0.473947201896998      0       0
2
1.0684693955578943       1.1452357565146603      0       0.473947201896998       0
1.0684693955578943       -1.1452357565146603     0       -0.473947201896998      0
2
1.0684693955578943       1.1452357565146603      0       0       0.473947201896998
1.0684693955578943       -1.1452357565146603     0       0       -0.473947201896998
2
1.5295824771556754       1.1452357565146603      0.39611798145414284     0       0
1.5295824771556754       -1.1452357565146603     -0.39611798145414284    0       0
2
1.5295824771556754       1.1452357565146603      0       0.39611798145414284     0
1.5295824771556754       -1.1452357565146603     0       -0.39611798145414284    0
2
1.5295824771556754       1.1452357565146603      0       0       0.39611798145414284
1.5295824771556754       -1.1452357565146603     0       0       -0.39611798145414284
2
0.5492737592570271       1.1452357565146603      0.6610230158986101      0       0
0.5492737592570271       -1.1452357565146603     -0.6610230158986101     0       0
2
0.5492737592570271       1.1452357565146603      0       0.6610230158986101      0
0.5492737592570271       -1.1452357565146603     0       -0.6610230158986101     0
2
0.5492737592570271       1.1452357565146603      0       0       0.6610230158986101
0.5492737592570271       -1.1452357565146603     0       0       -0.6610230158986101
2
0.20178983552412572      1.1452357565146603      1.0905896303587383      0       0
0.20178983552412572      -1.1452357565146603     -1.0905896303587383     0       0
2
0.20178983552412572      1.1452357565146603      0       1.0905896303587383      0
0.20178983552412572      -1.1452357565146603     0       -1.0905896303587383     0
2
0.20178983552412572      1.1452357565146603      0       0       1.0905896303587383
0.20178983552412572      -1.1452357565146603     0       0       -1.0905896303587383
2
0.06847837195271197      1.1452357565146603      1.8721226336061747      0       0
0.06847837195271197      -1.1452357565146603     -1.8721226336061747     0       0
2
0.06847837195271197      1.1452357565146603      0       1.8721226336061747      0
0.06847837195271197      -1.1452357565146603     0       -1.8721226336061747     0
2
0.06847837195271197      1.1452357565146603      0       0       1.8721226336061747
0.06847837195271197      -1.1452357565146603     0       0       -1.8721226336061747
4
1.0125   0.9681266831113873      0.5990214242134138      0.5990214242134138      0
1.0125   -0.9681266831113873     -0.5990214242134138     0.5990214242134138      0
1.0125   -0.9681266831113873     0.5990214242134138      -0.5990214242134138     0
1.0125   0.9681266831113873      -0.5990214242134138     -0.5990214242134138     0
4
1.0125   0.9681266831113873      0       0.5990214242134138      0.5990214242134138
1.0125   -0.9681266831113873     0       0.5990214242134138      -0.5990214242134138
1.0125   -0.9681266831113873     0       -0.5990214242134138     0.5990214242134138
1.0125   0.9681266831113873      0       -0.5990214242134138     -0.5990214242134138
4
1.0125   0.9681266831113873      0.5990214242134138      0       0.5990214242134138
1.0125   -0.9681266831113873     -0.5990214242134138     0       0.5990214242134138
1.0125   -0.9681266831113873     0.5990214242134138      0       -0.5990214242134138
1.0125   0.9681266831113873      -0.5990214242134138     0       -0.5990214242134138