37
6
 0.2834830000E+05       0.1825260192E-02 0 0 0 
      0.4257620000E+04       0.1396860147E-01 0 0 0
      0.9698570000E+03       0.6870730723E-01 0 0 0
      0.2732630000E+03       0.2362040249E+00  0 0 0
      0.8736950000E+02       0.4822140508E+00 0 0 0
      0.2968670000E+02       0.3420430360E+00 0 0 0
6
      0.5758910000E+03      -0.2159720895E-02     0 0 0
      0.1368160000E+03      -0.2907751206E-01       0 0 0
      0.4380980000E+02      -0.1108270460E+00      0 0 0
      0.1620940000E+02       0.2769991148E-01     0 0 0
      0.6460840000E+01       0.5776132395E+00     0 0 0
      0.2651140000E+01       0.4886882026E+00    0 0 0
3
      0.3860280000E+01      -0.2555929604E+00    0 0 0
      0.1413730000E+01       0.3780674206E-01    0 0 0
      0.5166460000E+00       0.1080564060E+01    0 0 0
1
      0.1738880000E+00       0.1000000000E+01    0 0 0
2
 276.43983892987546       1.1452357565146605      0.02946528808017213     0       0
276.43983892987546       -1.1452357565146605     -0.02946528808017213    0       0
2
276.43983892987546       1.1452357565146605      0       0.02946528808017213     0
276.43983892987546       -1.1452357565146605     0       -0.02946528808017213    0
2
276.43983892987546       1.1452357565146605      0       0       0.02946528808017213
276.43983892987546       -1.1452357565146605     0       0       -0.02946528808017213
2
65.67456863022663        1.1452357565146603      0.0604522392813092      0       0
65.67456863022663        -1.1452357565146603     -0.0604522392813092     0       0
2
65.67456863022663        1.1452357565146603      0       0.0604522392813092      0
65.67456863022663        -1.1452357565146603     0       -0.0604522392813092     0
2
65.67456863022663        1.1452357565146603      0       0       0.0604522392813092
65.67456863022663        -1.1452357565146603     0       0       -0.0604522392813092
2
21.029628967200495       1.1452357565146605      0.1068304854717264      0       0
21.029628967200495       -1.1452357565146605     -0.1068304854717264     0       0
2
21.029628967200495       1.1452357565146605      0       0.1068304854717264      0
21.029628967200495       -1.1452357565146605     0       -0.1068304854717264     0
2
21.029628967200495       1.1452357565146605      0       0       0.1068304854717264
21.029628967200495       -1.1452357565146605     0       0       -0.1068304854717264
2
7.7808542330925885       1.1452357565146603      0.17562946059537582     0       0
7.7808542330925885       -1.1452357565146603     -0.17562946059537582    0       0
2
7.7808542330925885       1.1452357565146603      0       0.17562946059537582     0
7.7808542330925885       -1.1452357565146603     0       -0.17562946059537582    0
2
7.7808542330925885       1.1452357565146603      0       0       0.17562946059537582
7.7808542330925885       -1.1452357565146603     0       0       -0.17562946059537582
2
3.1013396093213768       1.1452357565146605      0.2781866881620513      0       0
3.1013396093213768       -1.1452357565146605     -0.2781866881620513     0       0
2
3.1013396093213768       1.1452357565146605      0       0.2781866881620513      0
3.1013396093213768       -1.1452357565146605     0       -0.2781866881620513     0
2
3.1013396093213768       1.1452357565146605      0       0       0.2781866881620513
3.1013396093213768       -1.1452357565146605     0       0       -0.2781866881620513
2
1.272603174178013        1.1452357565146603      0.43427467713221785     0       0
1.272603174178013        -1.1452357565146603     -0.43427467713221785    0       0
2
1.272603174178013        1.1452357565146603      0       0.43427467713221785     0
1.272603174178013        -1.1452357565146603     0       -0.43427467713221785    0
2
1.272603174178013        1.1452357565146603      0       0       0.43427467713221785
1.272603174178013        -1.1452357565146603     0       0       -0.43427467713221785
2
1.85301590305148         1.1452357565146603      0.3598913710230695      0       0
1.85301590305148         -1.1452357565146603     -0.3598913710230695     0       0
2
1.85301590305148         1.1452357565146603      0       0.3598913710230695      0
1.85301590305148         -1.1452357565146603     0       -0.3598913710230695     0
2
1.85301590305148         1.1452357565146603      0       0       0.3598913710230695
1.85301590305148         -1.1452357565146603     0       0       -0.3598913710230695
2
0.6786202484330071       1.1452357565146605      0.594699536794278       0       0
0.6786202484330071       -1.1452357565146605     -0.594699536794278      0       0
2
0.6786202484330071       1.1452357565146605      0       0.594699536794278       0
0.6786202484330071       -1.1452357565146605     0       -0.594699536794278      0
2
0.6786202484330071       1.1452357565146605      0       0       0.594699536794278
0.6786202484330071       -1.1452357565146605     0       0       -0.594699536794278
2
0.24800098807545956      1.1452357565146603      0.9837489947526937      0       0
0.24800098807545956      -1.1452357565146603     -0.9837489947526937     0       0
2
0.24800098807545956      1.1452357565146603      0       0.9837489947526937      0
0.24800098807545956      -1.1452357565146603     0       -0.9837489947526937     0
2
0.24800098807545956      1.1452357565146603      0       0       0.9837489947526937
0.24800098807545956      -1.1452357565146603     0       0       -0.9837489947526937
2
0.0834699113405804       1.1452357565146603      1.6956883290224423      0       0
0.0834699113405804       -1.1452357565146603     -1.6956883290224423     0       0
2
0.0834699113405804       1.1452357565146603      0       1.6956883290224423      0
0.0834699113405804       -1.1452357565146603     0       -1.6956883290224423     0
2
0.0834699113405804       1.1452357565146603      0       0       1.6956883290224423
0.0834699113405804       -1.1452357565146603     0       0       -1.6956883290224423     
4
1.1475   0.9681266831113875      0.5626826500842924      0.5626826500842924      0
1.1475   -0.9681266831113875     -0.5626826500842924     0.5626826500842924      0
1.1475   -0.9681266831113875     0.5626826500842924      -0.5626826500842924     0
1.1475   0.9681266831113875      -0.5626826500842924     -0.5626826500842924     0
4
1.1475   0.9681266831113875      0       0.5626826500842924      0.5626826500842924
1.1475   -0.9681266831113875     0       0.5626826500842924      -0.5626826500842924
1.1475   -0.9681266831113875     0       -0.5626826500842924     0.5626826500842924
1.1475   0.9681266831113875      0       -0.5626826500842924     -0.5626826500842924
4
1.1475   0.9681266831113875      0.5626826500842924      0       0.5626826500842924
1.1475   -0.9681266831113875     -0.5626826500842924     0       0.5626826500842924
1.1475   -0.9681266831113875     0.5626826500842924      0       -0.5626826500842924
1.1475   0.9681266831113875      -0.5626826500842924     0       -0.5626826500842924