35
6
  0.3159442000E+05       0.1828009922E-02 0 0 0
      0.4744330000E+04       0.1399402940E-01 0 0 0
      0.1080419000E+04       0.6887128707E-01 0 0 0
      0.3042338000E+03       0.2369759899E+00 0 0 0
      0.9724586000E+02       0.4829039794E+00 0 0 0
      0.3302495000E+02       0.3404794855E+00 0 0 0
6
  0.6227625000E+03      -0.2502975932E-02     0 0 0
      0.1478839000E+03      -0.3315549910E-01     0 0 0
      0.4732735000E+02      -0.1226386967E+00     0 0 0
      0.1751495000E+02       0.5353642855E-01    0 0 0
      0.6922722000E+01       0.6193859832E+00    0 0 0
      0.2768277000E+01       0.4345877882E+00    0 0 0
6
   0.1184802000E+02       0.1277689027E-01      0 0 0
      0.4079211000E+01       0.2098767044E+00    0 0 0
      0.1763481000E+01      -0.3095274065E-02     0 0 0
      0.7889270000E+00      -0.5593884117E+00    0 0 0
      0.3503870000E+00      -0.5134760107E+00    0 0 0
      0.1463440000E+00      -0.6598035138E-01    0 0 0
3
  0.7168010000E+00      -0.5237766157E-01      0 0 0
      0.2337410000E+00      -0.2798499878E+00    0 0 0
      0.3867500000E-01       0.1141545727E+01     0 0 0
1
 0.1652100000E-01       0.1000000000E+01     0 0 0
2
34.34896680495595        1.1452357565146603      0.08358996973740514     0       0
34.34896680495595        -1.1452357565146603     -0.08358996973740514    0       0
2
34.34896680495595        1.1452357565146603      0       0.08358996973740514     0
34.34896680495595        -1.1452357565146603     0       -0.08358996973740514    0
2
34.34896680495595        1.1452357565146603      0       0       0.08358996973740514
34.34896680495595        -1.1452357565146603     0       0       -0.08358996973740514
2
7.41101831822971         1.1452357565146603      0.1799583753674326      0       0
7.41101831822971         -1.1452357565146603     -0.1799583753674326     0       0
2
7.41101831822971         1.1452357565146603      0       0.1799583753674326      0
7.41101831822971         -1.1452357565146603     0       -0.1799583753674326     0
2
7.41101831822971         1.1452357565146603      0       0       0.1799583753674326
7.41101831822971         -1.1452357565146603     0       0       -0.1799583753674326
2
2.147878976308894        1.1452357565146603      0.3342766980456415      0       0
2.147878976308894        -1.1452357565146603     -0.3342766980456415     0       0
2
2.147878976308894        1.1452357565146603      0       0.3342766980456415      0
2.147878976308894        -1.1452357565146603     0       -0.3342766980456415     0
2
2.147878976308894        1.1452357565146603      0       0       0.3342766980456415
2.147878976308894        -1.1452357565146603     0       0       -0.3342766980456415
2
1.9782991527099327       1.1452357565146603      0.34830926326682876     0       0
1.9782991527099327       -1.1452357565146603     -0.34830926326682876    0       0
2
1.9782991527099327       1.1452357565146603      0       0.34830926326682876     0
1.9782991527099327       -1.1452357565146603     0       -0.34830926326682876    0
2
1.9782991527099327       1.1452357565146603      0       0       0.34830926326682876
1.9782991527099327       -1.1452357565146603     0       0       -0.34830926326682876
2
0.570563002843117        1.1452357565146603      0.6485735054604667      0       0
0.570563002843117        -1.1452357565146603     -0.6485735054604667     0       0
2
0.570563002843117        1.1452357565146603      0       0.6485735054604667      0
0.570563002843117        -1.1452357565146603     0       -0.6485735054604667     0
2
0.570563002843117        1.1452357565146603      0       0       0.6485735054604667
0.570563002843117        -1.1452357565146603     0       0       -0.6485735054604667
2
0.18033137249508785      1.1452357565146603      1.1536534338662054      0       0
0.18033137249508785      -1.1452357565146603     -1.1536534338662054     0       0
2
0.18033137249508785      1.1452357565146603      0       1.1536534338662054      0
0.18033137249508785      -1.1452357565146603     0       -1.1536534338662054     0
2
0.18033137249508785      1.1452357565146603      0       0       1.1536534338662054
0.18033137249508785      -1.1452357565146603     0       0       -1.1536534338662054
2
0.11740191164568183      1.1452357565146603      1.42979384399487        0       0
0.11740191164568183      -1.1452357565146603     -1.42979384399487       0       0
2
0.11740191164568183      1.1452357565146603      0       1.42979384399487        0
0.11740191164568183      -1.1452357565146603     0       -1.42979384399487       0
2
0.11740191164568183      1.1452357565146603      0       0       1.42979384399487
0.11740191164568183      -1.1452357565146603     0       0       -1.42979384399487
2
0.01870726253223522      1.1452357565146603      3.581837562985675       0       0
0.01870726253223522      -1.1452357565146603     -3.581837562985675      0       0
2
0.01870726253223522      1.1452357565146603      0       3.581837562985675       0
0.01870726253223522      -1.1452357565146603     0       -3.581837562985675      0
2
0.01870726253223522      1.1452357565146603      0       0       3.581837562985675
0.01870726253223522      -1.1452357565146603     0       0       -3.581837562985675
2
0.007710361356533906     1.1452357565146605      5.579221979910378       0       0
0.007710361356533906     -1.1452357565146605     -5.579221979910378      0       0
2
0.007710361356533906     1.1452357565146605      0       5.579221979910378       0
0.007710361356533906     -1.1452357565146605     0       -5.579221979910378      0
2
0.007710361356533906     1.1452357565146605      0       0       5.579221979910378
0.007710361356533906     -1.1452357565146605     0       0       -5.579221979910378
4
1.2825   0.968126683111387       0.5322445025797033      0.5322445025797033      0
1.2825   -0.968126683111387      -0.5322445025797033     0.5322445025797033      0
1.2825   -0.968126683111387      0.5322445025797033      -0.5322445025797033     0
1.2825   0.968126683111387       -0.5322445025797033     -0.5322445025797033     0
4
1.2825   0.968126683111387       0       0.5322445025797033      0.5322445025797033
1.2825   -0.968126683111387      0       0.5322445025797033      -0.5322445025797033
1.2825   -0.968126683111387      0       -0.5322445025797033     0.5322445025797033
1.2825   0.968126683111387       0       -0.5322445025797033     -0.5322445025797033
4
1.2825   0.968126683111387       0.5322445025797033      0       0.5322445025797033
1.2825   -0.968126683111387      -0.5322445025797033     0       0.5322445025797033
1.2825   -0.968126683111387      0.5322445025797033      0       -0.5322445025797033
1.2825   0.968126683111387       -0.5322445025797033     0       -0.5322445025797033