35
6
0.3526486000E+05       0.1813501124E-02 0 0 0
      0.5295503000E+04       0.1388493095E-01 0 0 0
      0.1206020000E+04       0.6836162469E-01 0 0 0
      0.3396839000E+03       0.2356188162E+00 0 0 0
      0.1086264000E+03       0.4820639331E+00 0 0 0
      0.3692103000E+02       0.3429819235E+00 0 0 0
6
      0.7063096000E+03       0.2448225082E-02     0 0 0
      0.1678187000E+03       0.3241504109E-01      0 0 0
      0.5382558000E+02       0.1226219041E+00    0 0 0
      0.2001638000E+02      -0.4316965145E-01     0 0 0
      0.7970279000E+01      -0.6126995206E+00    0 0 0
      0.3212059000E+01      -0.4487540151E+00      0 0 0
6
      0.1419518000E+02       0.1084500055E-01     0 0 0
      0.4880828000E+01       0.2088333107E+00     0 0 0
      0.2160390000E+01       0.3150338161E-01      0 0 0
      0.9878990000E+00      -0.5526518282E+00     0 0 0
      0.4495170000E+00      -0.5437997277E+00      0 0 0
      0.1873870000E+00      -0.6669342340E-01       0 0 0
3
      0.1032271000E+01      -0.4439718086E-01      0 0 0
      0.3811710000E+00      -0.3284561584E+00    0 0 0
      0.6513100000E-01       0.1163009499E+01      0 0 0
1
      0.2601000000E-01       0.1000000000E+01      0 0 0
2
38.59246961118338        1.1452357565146603      0.0788605354834188      0       0
38.59246961118338        -1.1452357565146603     -0.0788605354834188     0       0
2
38.59246961118338        1.1452357565146603      0       0.0788605354834188      0
38.59246961118338        -1.1452357565146603     0       -0.0788605354834188     0
2
38.59246961118338        1.1452357565146603      0       0       0.0788605354834188
38.59246961118338        -1.1452357565146603     0       0       -0.0788605354834188
2
8.319126052440291        1.1452357565146605      0.16985258261881958     0       0
8.319126052440291        -1.1452357565146605     -0.16985258261881958    0       0
2
8.319126052440291        1.1452357565146605      0       0.16985258261881958     0
8.319126052440291        -1.1452357565146605     0       -0.16985258261881958    0
2
8.319126052440291        1.1452357565146605      0       0       0.16985258261881958
8.319126052440291        -1.1452357565146605     0       0       -0.16985258261881958
2
2.4402467558133076       1.1452357565146603      0.31361305646392124     0       0
2.4402467558133076       -1.1452357565146603     -0.31361305646392124    0       0
2
2.4402467558133076       1.1452357565146603      0       0.31361305646392124     0
2.4402467558133076       -1.1452357565146603     0       -0.31361305646392124    0
2
2.4402467558133076       1.1452357565146603      0       0       0.31361305646392124
2.4402467558133076       -1.1452357565146603     0       0       -0.31361305646392124
2
2.295571089998823        1.1452357565146603      0.3233446159128508      0       0
2.295571089998823        -1.1452357565146603     -0.3233446159128508     0       0
2
2.295571089998823        1.1452357565146603      0       0.3233446159128508      0
2.295571089998823        -1.1452357565146603     0       -0.3233446159128508     0
2
2.295571089998823        1.1452357565146603      0       0       0.3233446159128508
2.295571089998823        -1.1452357565146603     0       0       -0.3233446159128508
2
0.7020586809490229       1.1452357565146603      0.5846881611430992      0       0
0.7020586809490229       -1.1452357565146603     -0.5846881611430992     0       0
2
0.7020586809490229       1.1452357565146603      0       0.5846881611430992      0
0.7020586809490229       -1.1452357565146603     0       -0.5846881611430992     0
2
0.7020586809490229       1.1452357565146603      0       0       0.5846881611430992
0.7020586809490229       -1.1452357565146603     0       0       -0.5846881611430992
2
0.2300371368334265       1.1452357565146603      1.0214380464695827      0       0
0.2300371368334265       -1.1452357565146603     -1.0214380464695827     0       0
2
0.2300371368334265       1.1452357565146603      0       1.0214380464695827      0
0.2300371368334265       -1.1452357565146603     0       -1.0214380464695827     0
2
0.2300371368334265       1.1452357565146603      0       0       1.0214380464695827
0.2300371368334265       -1.1452357565146603     0       0       -1.0214380464695827
2
0.21105684664434282      1.1452357565146605      1.0663782647470583      0       0
0.21105684664434282      -1.1452357565146605     -1.0663782647470583     0       0
2
0.21105684664434282      1.1452357565146605      0       1.0663782647470583      0
0.21105684664434282      -1.1452357565146605     0       -1.0663782647470583     0
2
0.21105684664434282      1.1452357565146605      0       0       1.0663782647470583
0.21105684664434282      -1.1452357565146605     0       0       -1.0663782647470583
2
0.02838384120287147      1.1452357565146603      2.9078729192094195      0       0
0.02838384120287147      -1.1452357565146603     -2.9078729192094195     0       0
2
0.02838384120287147      1.1452357565146603      0       2.9078729192094195      0
0.02838384120287147      -1.1452357565146603     0       -2.9078729192094195     0
2
0.02838384120287147      1.1452357565146603      0       0       2.9078729192094195
0.02838384120287147      -1.1452357565146603     0       0       -2.9078729192094195
2
0.0114710701595499       1.1452357565146603      4.574135642585565       0       0
0.0114710701595499       -1.1452357565146603     -4.574135642585565      0       0
2
0.0114710701595499       1.1452357565146603      0       4.574135642585565       0
0.0114710701595499       -1.1452357565146603     0       -4.574135642585565      0
2
0.0114710701595499       1.1452357565146603      0       0       4.574135642585565
0.0114710701595499       -1.1452357565146603     0       0       -4.574135642585565
4
1.4175   0.9681266831113873      0.5062655053475023      0.5062655053475023      0
1.4175   -0.9681266831113873     -0.5062655053475023     0.5062655053475023      0
1.4175   -0.9681266831113873     0.5062655053475023      -0.5062655053475023     0
1.4175   0.9681266831113873      -0.5062655053475023     -0.5062655053475023     0
4
1.4175   0.9681266831113873      0       0.5062655053475023      0.5062655053475023
1.4175   -0.9681266831113873     0       0.5062655053475023      -0.5062655053475023
1.4175   -0.9681266831113873     0       -0.5062655053475023     0.5062655053475023
1.4175   0.9681266831113873      0       -0.5062655053475023     -0.5062655053475023
4
1.4175   0.9681266831113873      0.5062655053475023      0       0.5062655053475023
1.4175   -0.9681266831113873     -0.5062655053475023     0       0.5062655053475023
1.4175   -0.9681266831113873     0.5062655053475023      0       -0.5062655053475023
1.4175   0.9681266831113873      -0.5062655053475023     0       -0.5062655053475023