68
6
      0.4315295000E+05       0.1791871976E-02 0 0 0 
      0.6479571000E+04       0.1372391982E-01 0 0 0
      0.1475675000E+04       0.6762829911E-01 0 0 0
      0.4156991000E+03       0.2337641969E+00 0 0 0
      0.1330006000E+03       0.4810695937E+00 0 0 0
      0.4527222000E+02       0.3462279954E+00 0 0 0
6
      0.8746826000E+03       0.2431008053E-02       0 0 0
      0.2079785000E+03       0.3233027071E-01       0 0 0
      0.6687918000E+02       0.1242520027E+00       0 0 0
      0.2487347000E+02      -0.3903905085E-01       0 0 0
      0.9968441000E+01      -0.6171789135E+00      0 0 0
      0.4063826000E+01      -0.4473097098E+00      0 0 0
6
      0.3364363000E+02      -0.2940357957E-02      0 0 0
      0.1087565000E+02       0.7163102894E-01    0 0 0
      0.4628225000E+01       0.2528914963E+00      0 0 0
      0.1950126000E+01      -0.2966400956E+00     0 0 0
      0.8094520000E+00      -0.7432214890E+00      0 0 0
      0.3204740000E+00      -0.1853519973E+00      0 0 0
3
      0.1224148000E+01       0.6351460717E-01     0 0 0
      0.4842630000E+00       0.3151401875E+00      0 0 0
      0.8409600000E-01      -0.1162594216E+01      0 0 0
1
      0.3203600000E-01       0.1000000000E+01     0 0 0
2
419.8661153912194        1.1452357565146603      0.02390867968544763     0       0
419.8661153912194        -1.1452357565146603     -0.02390867968544763    0       0
2
419.8661153912194        1.1452357565146603      0       0.02390867968544763     0
419.8661153912194        -1.1452357565146603     0       -0.02390867968544763    0
2
419.8661153912194        1.1452357565146603      0       0       0.02390867968544763
419.8661153912194        -1.1452357565146603     0       0       -0.02390867968544763
2
99.83407110178335        1.1452357565146603      0.049031097718481215    0       0
99.83407110178335        -1.1452357565146603     -0.049031097718481215   0       0
2
99.83407110178335        1.1452357565146603      0       0.049031097718481215    0
99.83407110178335        -1.1452357565146603     0       -0.049031097718481215   0
2
99.83407110178335        1.1452357565146603      0       0       0.049031097718481215
99.83407110178335        -1.1452357565146603     0       0       -0.049031097718481215
2
32.10341843675653        1.1452357565146603      0.08646400884566498     0       0
32.10341843675653        -1.1452357565146603     -0.08646400884566498    0       0
2
32.10341843675653        1.1452357565146603      0       0.08646400884566498     0
32.10341843675653        -1.1452357565146603     0       -0.08646400884566498    0
2
32.10341843675653        1.1452357565146603      0       0       0.08646400884566498
32.10341843675653        -1.1452357565146603     0       0       -0.08646400884566498
2
11.939790759756779       1.1452357565146603      0.14177924167407088     0       0
11.939790759756779       -1.1452357565146603     -0.14177924167407088    0       0
2
11.939790759756779       1.1452357565146603      0       0.14177924167407088     0
11.939790759756779       -1.1452357565146603     0       -0.14177924167407088    0
2
11.939790759756779       1.1452357565146603      0       0       0.14177924167407088
11.939790759756779       -1.1452357565146603     0       0       -0.14177924167407088
2
4.785062146173438        1.1452357565146605      0.22395832765431586     0       0
4.785062146173438        -1.1452357565146605     -0.22395832765431586    0       0
2
4.785062146173438        1.1452357565146605      0       0.22395832765431586     0
4.785062146173438        -1.1452357565146605     0       -0.22395832765431586    0
2
4.785062146173438        1.1452357565146605      0       0       0.22395832765431586
4.785062146173438        -1.1452357565146605     0       0       -0.22395832765431586
2
1.9507222805687885       1.1452357565146605      0.3507626035256073      0       0
1.9507222805687885       -1.1452357565146605     -0.3507626035256073     0       0
2
1.9507222805687885       1.1452357565146605      0       0.3507626035256073      0
1.9507222805687885       -1.1452357565146605     0       -0.3507626035256073     0
2
1.9507222805687885       1.1452357565146605      0       0       0.3507626035256073
1.9507222805687885       -1.1452357565146605     0       0       -0.3507626035256073
2
16.149652726325517       1.1452357565146603      0.12190721594446109     0       0
16.149652726325517       -1.1452357565146603     -0.12190721594446109    0       0
2
16.149652726325517       1.1452357565146603      0       0.12190721594446109     0
16.149652726325517       -1.1452357565146603     0       -0.12190721594446109    0
2
16.149652726325517       1.1452357565146603      0       0       0.12190721594446109
16.149652726325517       -1.1452357565146603     0       0       -0.12190721594446109
2
5.220541620302628        1.1452357565146603      0.21441404296560587     0       0
5.220541620302628        -1.1452357565146603     -0.21441404296560587    0       0
2
5.220541620302628        1.1452357565146603      0       0.21441404296560587     0
5.220541620302628        -1.1452357565146603     0       -0.21441404296560587    0
2
5.220541620302628        1.1452357565146603      0       0       0.21441404296560587
5.220541620302628        -1.1452357565146603     0       0       -0.21441404296560587
2
2.2216457168652104       1.1452357565146603      0.3286802474684477      0       0
2.2216457168652104       -1.1452357565146603     -0.3286802474684477     0       0
2
2.2216457168652104       1.1452357565146603      0       0.3286802474684477      0
2.2216457168652104       -1.1452357565146603     0       -0.3286802474684477     0
2
2.2216457168652104       1.1452357565146603      0       0       0.3286802474684477
2.2216457168652104       -1.1452357565146603     0       0       -0.3286802474684477
2
0.9361016534951274       1.1452357565146605      0.5063484687470056      0       0
0.9361016534951274       -1.1452357565146605     -0.5063484687470056     0       0
2
0.9361016534951274       1.1452357565146605      0       0.5063484687470056      0
0.9361016534951274       -1.1452357565146605     0       -0.5063484687470056     0
2
0.9361016534951274       1.1452357565146605      0       0       0.5063484687470056
0.9361016534951274       -1.1452357565146605     0       0       -0.5063484687470056
2
0.3885540501613423       1.1452357565146603      0.785932570320039       0       0
0.3885540501613423       -1.1452357565146603     -0.785932570320039      0       0
2
0.3885540501613423       1.1452357565146603      0       0.785932570320039       0
0.3885540501613423       -1.1452357565146603     0       -0.785932570320039      0
2
0.3885540501613423       1.1452357565146603      0       0       0.785932570320039
0.3885540501613423       -1.1452357565146603     0       0       -0.785932570320039
2
0.1538342862472463       1.1452357565146603      1.2490632672781674      0       0
0.1538342862472463       -1.1452357565146603     -1.2490632672781674     0       0
2
0.1538342862472463       1.1452357565146603      0       1.2490632672781674      0
0.1538342862472463       -1.1452357565146603     0       -1.2490632672781674     0
2
0.1538342862472463       1.1452357565146603      0       0       1.2490632672781674
0.1538342862472463       -1.1452357565146603     0       0       -1.2490632672781674
2
0.5876168857411025       1.1452357565146605      0.6390927245572849      0       0
0.5876168857411025       -1.1452357565146605     -0.6390927245572849     0       0
2
0.5876168857411025       1.1452357565146605      0       0.6390927245572849      0
0.5876168857411025       -1.1452357565146605     0       -0.6390927245572849     0
2
0.5876168857411025       1.1452357565146605      0       0       0.6390927245572849
0.5876168857411025       -1.1452357565146605     0       0       -0.6390927245572849
2
0.23245646436512865      1.1452357565146603      1.016108754579785       0       0
0.23245646436512865      -1.1452357565146603     -1.016108754579785      0       0
2
0.23245646436512865      1.1452357565146603      0       1.016108754579785       0
0.23245646436512865      -1.1452357565146603     0       -1.016108754579785      0
2
0.23245646436512865      1.1452357565146603      0       0       1.016108754579785
0.23245646436512865      -1.1452357565146603     0       0       -1.016108754579785
2
0.040367855539758066     1.1452357565146603      2.4383338492947266      0       0
0.040367855539758066     -1.1452357565146603     -2.4383338492947266     0       0
2
0.040367855539758066     1.1452357565146603      0       2.4383338492947266      0
0.040367855539758066     -1.1452357565146603     0       -2.4383338492947266     0
2
0.040367855539758066     1.1452357565146603      0       0       2.4383338492947266
0.040367855539758066     -1.1452357565146603     0       0       -2.4383338492947266
2
0.015377956384033597     1.1452357565146603      3.950587586351919       0       0
0.015377956384033597     -1.1452357565146603     -3.950587586351919      0       0
2
0.015377956384033597     1.1452357565146603      0       3.950587586351919       0
0.015377956384033597     -1.1452357565146603     0       -3.950587586351919      0
2
0.015377956384033597     1.1452357565146603      0       0       3.950587586351919
0.015377956384033597     -1.1452357565146603     0       0       -3.950587586351919
4
9.562949235000001        0.9681266831113873      0.1949144093256504      0.1949144093256504      0
9.562949235000001        -0.9681266831113873     -0.1949144093256504     0.1949144093256504      0
9.562949235000001        -0.9681266831113873     0.1949144093256504      -0.1949144093256504     0
9.562949235000001        0.9681266831113873      -0.1949144093256504     -0.1949144093256504     0
4
9.562949235000001        0.9681266831113873      0       0.1949144093256504      0.1949144093256504
9.562949235000001        -0.9681266831113873     0       0.1949144093256504      -0.1949144093256504
9.562949235000001        -0.9681266831113873     0       -0.1949144093256504     0.1949144093256504
9.562949235000001        0.9681266831113873      0       -0.1949144093256504     -0.1949144093256504
4
9.562949235000001        0.9681266831113873      0.1949144093256504      0       0.1949144093256504
9.562949235000001        -0.9681266831113873     -0.1949144093256504     0       0.1949144093256504
9.562949235000001        -0.9681266831113873     0.1949144093256504      0       -0.1949144093256504
9.562949235000001        0.9681266831113873      -0.1949144093256504     0       -0.1949144093256504
4
9.562949235000001        0.9681266831113873      0.2756506011702757      0       0
9.562949235000001        0.9681266831113873      -0.2756506011702757     0       0
9.562949235000001        -0.9681266831113873     0       0.2756506011702757      0
9.562949235000001        -0.9681266831113873     0       -0.2756506011702757     0
4
9.562949235000001        0.9681266831113873      0.2756506011702757      0       0
9.562949235000001        0.9681266831113873      -0.2756506011702757     0       0
9.562949235000001        -0.9681266831113873     0       0       0.2756506011702757
9.562949235000001        -0.9681266831113873     0       0       -0.2756506011702757
4
2.308006035      0.968126683111387       0.3967540797900304      0.3967540797900304      0
2.308006035      -0.968126683111387      -0.3967540797900304     0.3967540797900304      0
2.308006035      -0.968126683111387      0.3967540797900304      -0.3967540797900304     0
2.308006035      0.968126683111387       -0.3967540797900304     -0.3967540797900304     0
4
2.308006035      0.968126683111387       0       0.3967540797900304      0.3967540797900304
2.308006035      -0.968126683111387      0       0.3967540797900304      -0.3967540797900304
2.308006035      -0.968126683111387      0       -0.3967540797900304     0.3967540797900304
2.308006035      0.968126683111387       0       -0.3967540797900304     -0.3967540797900304
4
2.308006035      0.968126683111387       0.3967540797900304      0       0.3967540797900304
2.308006035      -0.968126683111387      -0.3967540797900304     0       0.3967540797900304
2.308006035      -0.968126683111387      0.3967540797900304      0       -0.3967540797900304
2.308006035      0.968126683111387       -0.3967540797900304     0       -0.3967540797900304
4
2.308006035      0.968126683111387       0.5610950005659181      0       0
2.308006035      0.968126683111387       -0.5610950005659181     0       0
2.308006035      -0.968126683111387      0       0.5610950005659181      0
2.308006035      -0.968126683111387      0       -0.5610950005659181     0
4
2.308006035      0.968126683111387       0.5610950005659181      0       0
2.308006035      0.968126683111387       -0.5610950005659181     0       0
2.308006035      -0.968126683111387      0       0       0.5610950005659181
2.308006035      -0.968126683111387      0       0       -0.5610950005659181
4
0.559065348      0.9681266831113875      0.8061364972807752      0.8061364972807752      0
0.559065348      -0.9681266831113875     -0.8061364972807752     0.8061364972807752      0
0.559065348      -0.9681266831113875     0.8061364972807752      -0.8061364972807752     0
0.559065348      0.9681266831113875      -0.8061364972807752     -0.8061364972807752     0
4
0.559065348      0.9681266831113875      0       0.8061364972807752      0.8061364972807752
0.559065348      -0.9681266831113875     0       0.8061364972807752      -0.8061364972807752
0.559065348      -0.9681266831113875     0       -0.8061364972807752     0.8061364972807752
0.559065348      0.9681266831113875      0       -0.8061364972807752     -0.8061364972807752
4
0.559065348      0.9681266831113875      0.8061364972807752      0       0.8061364972807752
0.559065348      -0.9681266831113875     -0.8061364972807752     0       0.8061364972807752
0.559065348      -0.9681266831113875     0.8061364972807752      0       -0.8061364972807752
0.559065348      0.9681266831113875      -0.8061364972807752     0       -0.8061364972807752
4
0.559065348      0.9681266831113875      1.140049167578414       0       0
0.559065348      0.9681266831113875      -1.140049167578414      0       0
0.559065348      -0.9681266831113875     0       1.140049167578414       0
0.559065348      -0.9681266831113875     0       -1.140049167578414      0
4
0.559065348      0.9681266831113875      1.140049167578414       0       0
0.559065348      0.9681266831113875      -1.140049167578414      0       0
0.559065348      -0.9681266831113875     0       0       1.140049167578414
0.559065348      -0.9681266831113875     0       0       -1.140049167578414