73
6
0.6113262000E+05       0.1766110976E-02 0 0 0
      0.9179342000E+04       0.1353037982E-01 0 0 0
      0.2090857000E+04       0.6673127910E-01 0 0 0
      0.5892479000E+03       0.2314822969E+00 0 0 0
      0.1887543000E+03       0.4797057935E+00 0 0 0
      0.6444629000E+02       0.3501975953E+00 0 0 0
6
  0.1259980000E+04       0.2438014027E-02       0 0 0
      0.2998761000E+03       0.3224048035E-01      0 0 0
      0.9684917000E+02       0.1265724014E+00     0 0 0
      0.3631020000E+02      -0.3139902035E-01      0 0 0
      0.1472996000E+02      -0.6207593068E+00    0 0 0
      0.6066075000E+01      -0.4502914050E+00    0 0 0
6
   0.5043485000E+02      -0.3873255984E-02      0 0 0
      0.1683929000E+02       0.7196597971E-01     0 0 0
      0.7192086000E+01       0.2556590990E+00       0 0 0
      0.3053420000E+01      -0.2882836988E+00      0 0 0
      0.1273643000E+01      -0.7342821970E+00      0 0 0
      0.5040910000E+00      -0.2049352992E+00      0 0 0
3
  0.1950316000E+01       0.5694869031E-01      0 0 0 
      0.7367210000E+00       0.2882915015E+00      0 0 0
      0.1141770000E+00      -0.1138159006E+01      0 0 0
1
  0.4114800000E-01       0.1000000000E+01      0 0 0
2
604.817002271028         1.1452357565146605      0.01992044388333949     0       0
604.817002271028         -1.1452357565146605     -0.01992044388333949    0       0
2
604.817002271028         1.1452357565146605      0       0.01992044388333949     0
604.817002271028         -1.1452357565146605     0       -0.01992044388333949    0
2
604.817002271028         1.1452357565146605      0       0       0.01992044388333949
604.817002271028         -1.1452357565146605     0       0       -0.01992044388333949
2
143.94685935866204       1.1452357565146603      0.04083287039291713     0       0
143.94685935866204       -1.1452357565146603     -0.04083287039291713    0       0
2
143.94685935866204       1.1452357565146603      0       0.04083287039291713     0
143.94685935866204       -1.1452357565146603     0       -0.04083287039291713    0
2
143.94685935866204       1.1452357565146603      0       0       0.04083287039291713
143.94685935866204       -1.1452357565146603     0       0       -0.04083287039291713
2
46.489646400607285       1.1452357565146603      0.07185101137876782     0       0
46.489646400607285       -1.1452357565146603     -0.07185101137876782    0       0
2
46.489646400607285       1.1452357565146603      0       0.07185101137876782     0
46.489646400607285       -1.1452357565146603     0       -0.07185101137876782    0
2
46.489646400607285       1.1452357565146603      0       0       0.07185101137876782
46.489646400607285       -1.1452357565146603     0       0       -0.07185101137876782
2
17.429662626280955       1.1452357565146603      0.11734552078263817     0       0
17.429662626280955       -1.1452357565146603     -0.11734552078263817    0       0
2
17.429662626280955       1.1452357565146603      0       0.11734552078263817     0
17.429662626280955       -1.1452357565146603     0       -0.11734552078263817    0
2
17.429662626280955       1.1452357565146603      0       0       0.11734552078263817
17.429662626280955       -1.1452357565146603     0       0       -0.11734552078263817
2
7.0706917973080134       1.1452357565146603      0.1842383576248217      0       0
7.0706917973080134       -1.1452357565146603     -0.1842383576248217     0       0
2
7.0706917973080134       1.1452357565146603      0       0.1842383576248217      0
7.0706917973080134       -1.1452357565146603     0       -0.1842383576248217     0
2
7.0706917973080134       1.1452357565146603      0       0       0.1842383576248217
7.0706917973080134       -1.1452357565146603     0       0       -0.1842383576248217
2
2.911844074549775        1.1452357565146603      0.28709587293563343     0       0
2.911844074549775        -1.1452357565146603     -0.28709587293563343    0       0
2
2.911844074549775        1.1452357565146603      0       0.28709587293563343     0
2.911844074549775        -1.1452357565146603     0       -0.28709587293563343    0
2
2.911844074549775        1.1452357565146603      0       0       0.28709587293563343
2.911844074549775        -1.1452357565146603     0       0       -0.28709587293563343
2
24.20979284352843        1.1452357565146603      0.09956701115474749     0       0
24.20979284352843        -1.1452357565146603     -0.09956701115474749    0       0
2
24.20979284352843        1.1452357565146603      0       0.09956701115474749     0
24.20979284352843        -1.1452357565146603     0       -0.09956701115474749    0
2
24.20979284352843        1.1452357565146603      0       0       0.09956701115474749
24.20979284352843        -1.1452357565146603     0       0       -0.09956701115474749
2
8.083214732116778        1.1452357565146603      0.17231335925972066     0       0
8.083214732116778        -1.1452357565146603     -0.17231335925972066    0       0
2
8.083214732116778        1.1452357565146603      0       0.17231335925972066     0
8.083214732116778        -1.1452357565146603     0       -0.17231335925972066    0
2
8.083214732116778        1.1452357565146603      0       0       0.17231335925972066
8.083214732116778        -1.1452357565146603     0       0       -0.17231335925972066
2
3.452353128299995        1.1452357565146605      0.2636655571850671      0       0
3.452353128299995        -1.1452357565146605     -0.2636655571850671     0       0
2
3.452353128299995        1.1452357565146605      0       0.2636655571850671      0
3.452353128299995        -1.1452357565146605     0       -0.2636655571850671     0
2
3.452353128299995        1.1452357565146605      0       0       0.2636655571850671
3.452353128299995        -1.1452357565146605     0       0       -0.2636655571850671
2
1.4657060676156781       1.1452357565146603      0.4046574722230712      0       0
1.4657060676156781       -1.1452357565146603     -0.4046574722230712     0       0
2
1.4657060676156781       1.1452357565146603      0       0.4046574722230712      0
1.4657060676156781       -1.1452357565146603     0       -0.4046574722230712     0
2
1.4657060676156781       1.1452357565146603      0       0       0.4046574722230712
1.4657060676156781       -1.1452357565146603     0       0       -0.4046574722230712
2
0.6113755307413442       1.1452357565146605      0.6265517981687969      0       0
0.6113755307413442       -1.1452357565146605     -0.6265517981687969     0       0
2
0.6113755307413442       1.1452357565146605      0       0.6265517981687969      0
0.6113755307413442       -1.1452357565146605     0       -0.6265517981687969     0
2
0.6113755307413442       1.1452357565146605      0       0       0.6265517981687969
0.6113755307413442       -1.1452357565146605     0       0       -0.6265517981687969
2
0.24197432299862276      1.1452357565146603      0.9959243834154513      0       0
0.24197432299862276      -1.1452357565146603     -0.9959243834154513     0       0
2
0.24197432299862276      1.1452357565146603      0       0.9959243834154513      0
0.24197432299862276      -1.1452357565146603     0       -0.9959243834154513     0
2
0.24197432299862276      1.1452357565146603      0       0       0.9959243834154513
0.24197432299862276      -1.1452357565146603     0       0       -0.9959243834154513
2
0.9361928575066446       1.1452357565146605      0.506323803884419       0       0
0.9361928575066446       -1.1452357565146605     -0.506323803884419      0       0
2
0.9361928575066446       1.1452357565146605      0       0.506323803884419       0
0.9361928575066446       -1.1452357565146605     0       -0.506323803884419      0
2
0.9361928575066446       1.1452357565146605      0       0       0.506323803884419
0.9361928575066446       -1.1452357565146605     0       0       -0.506323803884419
2
0.3536416345736551       1.1452357565146603      0.8238142738667739      0       0
0.3536416345736551       -1.1452357565146603     -0.8238142738667739     0       0
2
0.3536416345736551       1.1452357565146603      0       0.8238142738667739      0
0.3536416345736551       -1.1452357565146603     0       -0.8238142738667739     0
2
0.3536416345736551       1.1452357565146603      0       0       0.8238142738667739
0.3536416345736551       -1.1452357565146603     0       0       -0.8238142738667739
2
0.05480737064739056      1.1452357565146603      2.092625549150306       0       0
0.05480737064739056      -1.1452357565146603     -2.092625549150306      0       0
2
0.05480737064739056      1.1452357565146603      0       2.092625549150306       0
0.05480737064739056      -1.1452357565146603     0       -2.092625549150306      0
2
0.05480737064739056      1.1452357565146603      0       0       2.092625549150306
0.05480737064739056      -1.1452357565146603     0       0       -2.092625549150306
2
0.01975190876795525      1.1452357565146603      3.485832154489634       0       0
0.01975190876795525      -1.1452357565146603     -3.485832154489634      0       0
2
0.01975190876795525      1.1452357565146603      0       3.485832154489634       0
0.01975190876795525      -1.1452357565146603     0       -3.485832154489634      0
2
0.01975190876795525      1.1452357565146603      0       0       3.485832154489634
0.01975190876795525      -1.1452357565146603     0       0       -3.485832154489634
4
31.252419        0.9681266831113873      0.10781968338614249     0.10781968338614249     0
31.252419        -0.9681266831113873     -0.10781968338614249    0.10781968338614249     0
31.252419        -0.9681266831113873     0.10781968338614249     -0.10781968338614249    0
31.252419        0.9681266831113873      -0.10781968338614249    -0.10781968338614249    0
4
31.252419        0.9681266831113873      0       0.10781968338614249     0.10781968338614249
31.252419        -0.9681266831113873     0       0.10781968338614249     -0.10781968338614249
31.252419        -0.9681266831113873     0       -0.10781968338614249    0.10781968338614249
31.252419        0.9681266831113873      0       -0.10781968338614249    -0.10781968338614249
4
31.252419        0.9681266831113873      0.10781968338614249     0       0.10781968338614249
31.252419        -0.9681266831113873     -0.10781968338614249    0       0.10781968338614249
31.252419        -0.9681266831113873     0.10781968338614249     0       -0.10781968338614249
31.252419        0.9681266831113873      -0.10781968338614249    0       -0.10781968338614249
4
31.252419        0.9681266831113873      0.1524800585354558      0       0
31.252419        0.9681266831113873      -0.1524800585354558     0       0
31.252419        -0.9681266831113873     0       0.1524800585354558      0
31.252419        -0.9681266831113873     0       -0.1524800585354558     0
4
31.252419        0.9681266831113873      0.1524800585354558      0       0
31.252419        0.9681266831113873      -0.1524800585354558     0       0
31.252419        -0.9681266831113873     0       0       0.1524800585354558
31.252419        -0.9681266831113873     0       0       -0.1524800585354558
4
8.2651968        0.9681266831113873      0.20965888502337265     0.20965888502337265     0
8.2651968        -0.9681266831113873     -0.20965888502337265    0.20965888502337265     0
8.2651968        -0.9681266831113873     0.20965888502337265     -0.20965888502337265    0
8.2651968        0.9681266831113873      -0.20965888502337265    -0.20965888502337265    0
4
8.2651968        0.9681266831113873      0       0.20965888502337265     0.20965888502337265
8.2651968        -0.9681266831113873     0       0.20965888502337265     -0.20965888502337265
8.2651968        -0.9681266831113873     0       -0.20965888502337265    0.20965888502337265
8.2651968        0.9681266831113873      0       -0.20965888502337265    -0.20965888502337265
4
8.2651968        0.9681266831113873      0.20965888502337265     0       0.20965888502337265
8.2651968        -0.9681266831113873     -0.20965888502337265    0       0.20965888502337265
8.2651968        -0.9681266831113873     0.20965888502337265     0       -0.20965888502337265
8.2651968        0.9681266831113873      -0.20965888502337265    0       -0.20965888502337265
4
8.2651968        0.9681266831113873      0.296502438672075       0       0
8.2651968        0.9681266831113873      -0.296502438672075      0       0
8.2651968        -0.9681266831113873     0       0.296502438672075       0
8.2651968        -0.9681266831113873     0       -0.296502438672075      0
4
8.2651968        0.9681266831113873      0.296502438672075       0       0
8.2651968        0.9681266831113873      -0.296502438672075      0       0
8.2651968        -0.9681266831113873     0       0       0.296502438672075
8.2651968        -0.9681266831113873     0       0       -0.296502438672075
4
2.49291135       0.968126683111387       0.38175651188542425     0.38175651188542425     0
2.49291135       -0.968126683111387      -0.38175651188542425    0.38175651188542425     0
2.49291135       -0.968126683111387      0.38175651188542425     -0.38175651188542425    0
2.49291135       0.968126683111387       -0.38175651188542425    -0.38175651188542425    0
4
2.49291135       0.968126683111387       0       0.38175651188542425     0.38175651188542425
2.49291135       -0.968126683111387      0       0.38175651188542425     -0.38175651188542425
2.49291135       -0.968126683111387      0       -0.38175651188542425    0.38175651188542425
2.49291135       0.968126683111387       0       -0.38175651188542425    -0.38175651188542425
4
2.49291135       0.968126683111387       0.38175651188542425     0       0.38175651188542425
2.49291135       -0.968126683111387      -0.38175651188542425    0       0.38175651188542425
2.49291135       -0.968126683111387      0.38175651188542425     0       -0.38175651188542425
2.49291135       0.968126683111387       -0.38175651188542425    0       -0.38175651188542425
4
2.49291135       0.968126683111387       0.5398852366326127      0       0
2.49291135       0.968126683111387       -0.5398852366326127     0       0
2.49291135       -0.968126683111387      0       0.5398852366326127      0
2.49291135       -0.968126683111387      0       -0.5398852366326127     0
4
2.49291135       0.968126683111387       0.5398852366326127      0       0
2.49291135       0.968126683111387       -0.5398852366326127     0       0
2.49291135       -0.968126683111387      0       0       0.5398852366326127
2.49291135       -0.968126683111387      0       0       -0.5398852366326127
4
0.6808873499999999       0.9681266831113873      0.7304697545854042      0.7304697545854042      0
0.6808873499999999       -0.9681266831113873     -0.7304697545854042     0.7304697545854042      0
0.6808873499999999       -0.9681266831113873     0.7304697545854042      -0.7304697545854042     0
0.6808873499999999       0.9681266831113873      -0.7304697545854042     -0.7304697545854042     0
4
0.6808873499999999       0.9681266831113873      0       0.7304697545854042      0.7304697545854042
0.6808873499999999       -0.9681266831113873     0       0.7304697545854042      -0.7304697545854042
0.6808873499999999       -0.9681266831113873     0       -0.7304697545854042     0.7304697545854042
0.6808873499999999       0.9681266831113873      0       -0.7304697545854042     -0.7304697545854042
4
0.6808873499999999       0.9681266831113873      0.7304697545854042      0       0.7304697545854042
0.6808873499999999       -0.9681266831113873     -0.7304697545854042     0       0.7304697545854042
0.6808873499999999       -0.9681266831113873     0.7304697545854042      0       -0.7304697545854042
0.6808873499999999       0.9681266831113873      -0.7304697545854042     0       -0.7304697545854042
4
0.6808873499999999       0.9681266831113873      1.0330402338380251      0       0
0.6808873499999999       0.9681266831113873      -1.0330402338380251     0       0
0.6808873499999999       -0.9681266831113873     0       1.0330402338380251      0
0.6808873499999999       -0.9681266831113873     0       -1.0330402338380251     0
4
0.6808873499999999       0.9681266831113873      1.0330402338380251      0       0
0.6808873499999999       0.9681266831113873      -1.0330402338380251     0       0
0.6808873499999999       -0.9681266831113873     0       0       1.0330402338380251
0.6808873499999999       -0.9681266831113873     0       0       -1.0330402338380251